gi|48994873|gb|U00096.2|_Escherichia_coli_str._K-12_substr._MG1655__complete_genome
15423 16705
66600 66747
223501 223624
228767 228927
239134 239321
263383 263518
273179 273813
278422 279300
289701 290589
339010 339122
348937 349160
356697 356762
374182 374514
390968 392160
507840 508008
566030 567222
573845 574977
577525 577683
580925 581031
687105 688238
728771 730983
731536 732462
733407 734345
735749 736049
736211 737919
780240 780870
1049035 1049736
1093503 1094690
1096220 1096846
1268352 1269713
1286308 1286502
1394099 1395231
1426056 1426258
1430334 1432724
1464700 1464879
1465969 1468504
1526208 1527162
1529771 1530919
1550095 1550213
1632614 1632720
1634693 1634880
1648888 1649537
1706674 1706888
1976563 1977259
2064615 2065341
2067000 2068261
2099770 2100936
2116526 2116585
2168193 2169416
2187869 2187949
2286977 2288099
2302513 2303051
2314970 2315020
2519311 2519501
2536575 2536631
2660410 2660569
2712290 2712382
2724065 2729358
2815833 2816269
2945443 2945673
2994417 2995677
3068021 3068098
3080772 3080825
3128199 3129332
3184143 3185413
3267843 3268093
3363610 3364741
3390180 3390356
3421669 3426980
3502844 3502893
3581486 3582186
3618465 3619107
3619506 3620867
3621896 3622582
3650089 3651223
3664264 3665324
3760172 3763882
3765230 3765389
3939507 3944813
4025425 4025541
4033375 4038814
4092369 4092705
4151496 4151558
4164358 4169751
4169890 4169943
4174084 4175096
4205976 4211153
4294003 4294309
4323901 4324325
4334113 4334187
4390419 4390647
4496240 4497499
4505517 4506704
4612314 4612648
