gi|48994873|gb|U00096.2|_Escherichia_coli_str._K-12_substr._MG1655__complete_genome
15423 16705
66660 66733
72135 72186
216087 216139
223661 227493
239134 239321
263383 263518
273179 273813
278422 279300
289701 290589
339010 339122
339204 339260
348937 349160
356697 356762
374247 374514
390968 392160
507840 508008
566030 567222
573845 574977
579852 579964
580925 581031
687105 688236
728771 730983
731536 732462
733407 734345
735749 736049
736515 737441
737683 737782
779953 780369
780800 780882
1049035 1049736
1093503 1094690
1096220 1096744
1268352 1269655
1286308 1286502
1394099 1395231
1426056 1426258
1430334 1432724
1465969 1468504
1526208 1527162
1527279 1527331
1529771 1530919
1632614 1632720
1633899 1634393
1634693 1634880
1648903 1649537
1706674 1706888
1976562 1977259
2060267 2060328
2064615 2065341
2067000 2068261
2099770 2100936
2116525 2116585
2168193 2169452
2187896 2187985
2286977 2288099
2302513 2303051
2314970 2315020
2519068 2519194
2519353 2519472
2536575 2536631
2566222 2566285
2660410 2660569
2712290 2712382
2724065 2725484
2726029 2729358
2774852 2774987
2815797 2816218
2833087 2833141
2994417 2995678
3068021 3068098
3080765 3080825
3108370 3108427
3128199 3129332
3184153 3185413
3267843 3268093
3363610 3364740
3390180 3390349
3421485 3426980
3581486 3582186
3618345 3619107
3619506 3620867
3622325 3623505
3637218 3637304
3650089 3651230
3760172 3764670
3765266 3765428
3765574 3765635
3939575 3944972
4033224 4033407
4036712 4038814
4092369 4092705
4151532 4151716
4164503 4169714
4169890 4169943
4174084 4175132
4205902 4211153
4293967 4294309
4323901 4324325
4496240 4497499
4505517 4506704
4612314 4612629
