gi|48994873|gb|U00096.2|_Escherichia_coli_str._K-12_substr._MG1655__complete_genome
15423 16705
19832 20528
66600 66733
216085 216139
223501 227493
228795 228846
239134 239321
263383 263518
266160 266214
273215 273813
278422 279299
289701 290589
338999 339260
348937 349160
356697 356762
374151 374513
390968 392160
500749 500835
507839 508044
527233 527300
566030 567222
573845 574977
579852 579964
580925 581031
596239 596294
609316 609414
680856 680961
687105 688238
707091 707169
728872 730698
731133 732463
733407 734345
735854 737883
740175 740247
779813 780882
914303 914433
1049035 1049736
1093503 1094690
1096184 1096234
1096381 1096846
1268352 1269655
1286308 1286502
1394099 1395231
1426056 1426258
1430334 1432724
1464790 1464879
1465969 1468540
1526244 1527331
1529853 1530919
1632614 1632720
1633899 1634393
1634693 1634880
1648903 1649537
1976562 1977259
2064236 2065341
2067000 2068261
2099806 2100936
2116516 2116585
2168229 2169452
2286974 2288099
2302513 2303051
2355661 2355716
2428938 2429000
2516034 2516102
2518989 2519513
2536575 2536631
2566177 2566275
2660410 2660569
2682168 2682246
2724065 2727623
2728142 2729358
2774852 2774987
2816159 2816218
2994417 2995678
3068021 3068098
3069329 3069384
3108406 3108463
3128199 3129332
3184153 3185413
3268035 3268093
3363610 3364740
3421485 3426980
3581486 3582186
3618243 3619428
3619945 3620867
3622414 3623530
3637254 3637340
3650089 3651223
3760136 3762899
3763526 3764475
3765279 3765635
3939501 3944955
4021709 4021773
4025425 4025541
4033224 4038853
4092374 4092705
4151532 4151680
4164358 4166541
4168386 4169751
4169890 4169943
4174138 4175096
4207171 4211153
4216476 4216556
4293967 4294309
4323901 4324325
4496240 4497499
4505159 4506668
4612412 4612629
