gi|48994873|gb|U00096.2|_Escherichia_coli_str._K-12_substr._MG1655__complete_genome
66600 66747
223501 223860
224772 227493
228881 228969
239133 239321
269799 270949
273215 273813
278422 279300
282808 282944
286766 287110
289893 290591
348937 349160
356697 356813
356900 356996
374182 374513
390968 392160
500749 500835
507839 508009
524784 524953
566030 567222
573845 574977
577525 577683
579568 580054
607266 608538
687105 688238
707159 707259
728771 732148
733407 734110
735785 737883
780244 780591
780751 780921
831270 831507
835943 836000
925126 925201
934759 934887
1049035 1049736
1093503 1096382
1096582 1096726
1268352 1269776
1286134 1286449
1394099 1395231
1421399 1421557
1426056 1426258
1430334 1430681
1465969 1467319
1468162 1468504
1526038 1527331
1529853 1530919
1550095 1550213
1568730 1569790
1630620 1633010
1633899 1634880
1648903 1649537
1706674 1706888
1854018 1854077
1976562 1977259
2064236 2065341
2067000 2068261
2099806 2100936
2168229 2169416
2286974 2288099
2302458 2303051
2345179 2345314
2457608 2457680
2471302 2471377
2508587 2508656
2512331 2513604
2519358 2519513
2566177 2566275
2660410 2660569
2724065 2725484
2727227 2729358
2767702 2767792
2815833 2816269
2994417 2995680
3080808 3080861
3128199 3129424
3184153 3185413
3267940 3268199
3292263 3292342
3363610 3364741
3390130 3390356
3421716 3426980
3468222 3469180
3502842 3502929
3547921 3547985
3581486 3582186
3586388 3586437
3617281 3620867
3622325 3623505
3650089 3651221
3706490 3706549
3760172 3760235
3761336 3763858
3765266 3765454
3939501 3944936
3982212 3982334
4021712 4021765
4025385 4025541
4033224 4038853
4092369 4092705
4151528 4151721
4164358 4169952
4205902 4207207
4207761 4211153
4293891 4294420
4323865 4324325
4334113 4334187
4390419 4390647
4496240 4497499
4505517 4506668
4547806 4547889
4612314 4612629
