gi|48994873|gb|U00096.2|_Escherichia_coli_str._K-12_substr._MG1655__complete_genome
15423 16696
66600 66747
223501 223624
225327 227493
228767 228927
239098 239305
263383 263518
273179 273813
278422 279300
289701 290589
339010 339122
348937 349160
356697 356762
374182 374514
390968 392160
507840 508006
566030 567222
573845 574977
577525 577683
687105 688238
728771 730983
731536 732462
733407 734345
735749 736049
736211 737496
737683 737883
779812 780420
780800 780882
1049035 1049736
1093503 1094690
1096381 1096846
1268352 1269713
1286308 1286502
1394099 1395231
1426056 1426258
1430334 1432724
1465969 1468504
1529771 1530241
1632578 1632720
1633899 1634656
1648888 1649537
1706674 1706888
1976563 1977259
2064615 2065341
2067000 2068261
2099770 2100936
2116525 2116585
2168229 2169452
2187902 2187985
2286977 2288099
2302513 2303051
2314970 2315020
2519231 2519460
2536575 2536631
2660410 2660569
2712290 2712382
2724065 2725484
2726029 2729358
2815797 2815856
2994417 2995677
3128199 3129332
3184143 3185413
3267843 3268093
3363610 3364741
3390180 3390356
3421669 3424882
3425229 3426980
3502806 3502893
3581486 3582186
3618465 3619107
3619506 3620867
3621896 3622582
3622868 3623505
3650089 3651223
3760172 3763882
3765230 3765389
3765574 3765627
3939507 3940832
3941494 3944813
4021712 4021765
4025425 4025541
4033375 4035419
4036712 4038839
4092369 4092705
4151496 4151558
4164358 4169751
4169890 4169943
4174084 4175096
4205976 4211153
4294116 4294196
4323901 4324325
4334077 4334153
4390419 4390647
4496240 4497499
4505517 4506704
4612314 4612629
