ID or #		Start	End
============================
1		4263805	4264884
2		795085	795774
3		2529485	2530246
4		3810754	3811974
5		2260387	2261517
6		4345427	4346767
7		2422539	2423255
8		4199949	4201346
9		5683	6459
10		926697	928418
11		1938337	1939659
12		2585617	2588730
13		2639853	2640866
14		3270809	3271579
15		3331732	3332703
16		3399414	3401354
17		4102995	4103693
18		4585932	4586888
19		4215132	4216436
20		4213501	4215102
21		123017	125680
22		125695	127587
23		4216619	4218355
24		2411492	2412694
25		949563	950303
26		2307363	2308427
27		1700257	1701258
28		1294669	1297344
29		496399	497043
30		1064808	1066049
31		2817403	2820033
32		1486256	1487695
33		1360767	1362254
34		2306713	2307363
35		2053085	2054539
36		4375834	4376967
37		118733	119284
38		119281	120135
39		4434778	4435518
40		1819942	1820280
41		1848884	1849900
42		3097704	3098750
43		51229	51606
44		50380	51222
45		1039840	1041138
46		582904	583653
47		490636	491187
48		66835	68337
49		68348	70048
50		70387	71265
51		65855	66550
52		2978786	2980204
53		1983163	1984152
54		1981579	1983093
55		1980578	1981564
56		410521	411705
57		4637613	4638329
58		3348711	3351047
59		2947264	2948595
60		4154036	4154812
61		4153024	4154028
62		3486982	3488202
63		288525	289529
64		3316659	3318002
65		4475330	4476334
66		3382725	3383195
67		1958086	1959819
68		2425031	2425813
69		958035	959318
70		3515420	3516508
71		2444410	2445495
72		1772710	1773468
73		3428042	3428860
74		2738102	2739172
75		784856	785908
76		1786459	1787505
77		3516565	3517086
78		405629	406153
79		406652	407329
80		120178	121551
81		2839012	2840436
82		2837546	2839003
83		2836276	2837289
84		3571798	3572901
85		3982375	3984030
86		3980981	3982216
87		3925178	3926170
88		696736	698400
89		3924568	3925026
90		986808	988208
91		4364914	4366350
92		983742	984932
93		1946774	1948546
94		3916339	3917880
95		3919259	3920074
96		3913576	3913995
97		3914016	3915398
98		3918973	3919212
99		3918441	3918911
100		3915425	3916288
101		3917893	3918426
102		3920083	3920463
104		2598500	2598970
105		324801	326471
106		326485	327957
107		327971	328558
108		328687	330720
109		3464271	3464747
110		3900312	3901724
111		3901743	3903620
112		3903754	3904590
113		807191	808480
114		808567	809607
115		810745	811500
116		811493	812170
117		809604	810758
118		3542096	3542866
119		4171105	4172070
120		3712084	3714417
121		453696	454013
122		4161662	4163506
123		1792196	1793176
124		1790833	1791582
125		1791582	1792133
126		1325791	1326381
127		4354493	4356640
128		4356720	4358054
129		4358419	4359957
130		29651	30799
131		30817	34038
132		3199913	3201151
133		2229866	2230750
134		4107953	4108708
135		195677	196534
136		1819323	1819643
137		1817880	1819238
138		1817479	1817829
139		1816629	1817471
140		1815172	1816524
141		4636201	4637553
142		1971384	1973348
143		1965476	1966525
144		1966528	1967388
145		1970860	1971363
146		1965072	1965461
147		1964417	1965061
148		795777	796835
149		864352	865587
150		863603	864352
151		2242800	2244791
152		922487	924763
153		2729622	2732195
154		455901	456524
155		456650	457924
156		4432645	4434588
157		2121108	2122544
158		2119633	2121003
159		4101625	4102998
160		3484142	3484774
161		2533856	2534365
162		3718072	3718284
163		629117	631222
164		688566	690104
165		2428297	2428785
166		3989176	3991722
167		1488926	1489456
168		770681	772249
169		772265	773404
170		358713	359183
171		358023	358682
172		359216	360370
173		449887	450834
174		447874	449865
175		447270	447884
176		446941	447270
177		446039	446929
178		2537739	2538836
179		1331879	1332853
180		2871409	2872014
181		2873443	2874351
182		3779764	3780585
183		3495850	3497223
184		2885600	2886334
185		2886409	2888121
186		2888121	2889920
187		2530431	2531402
188		2536694	2537605
189		2872014	2873441
190		2540534	2541550
191		553834	555219
192		2539701	2540534
193		2538826	2539701
194		4121454	4122479
195		661975	663186
196		3326985	3328418
197		879950	881152
198		3513099	3513935
199		2596904	2597782
200		28374	29195
201		185123	185947
202		2589629	2590756
203		3992785	3993609
204		1407535	1408908
205		2028923	2030341
206		1623359	1625404
207		399053	400147
208		102233	103153
209		3303993	3305882
210		2432104	2432763
211		2431034	2431948
212		2429044	2429706
213		4616252	4617574
214		4617626	4618849
215		4615346	4616125
216		4618906	4619625
217		881199	881957
218		4254660	4255028
219		179237	180754
220		1645958	1646365
221		1647633	1647821
222		1645644	1645874
223		2435972	2436967
224		160149	160604
225		2220207	2221922
226		940182	942626
227		942637	943254
228		943256	944119
229		3880349	3881752
230		4262337	4263752
231		4598261	4598998
232		205126	208608
233		3209129	3210874
234		14168	15298
235		12163	14079
236		3879244	3880344
237		236067	236798
238		4599001	4599540
239		491316	493247
240		232597	233955
241		2698640	2699020
242		3704121	3705728
243		2477224	2478552
244		2475869	2477206
245		3811955	3812410
246		3220655	3223747
247		3223744	3224193
248		3219488	3220471
249		2301927	2302415
250		1930139	1930780
251		1930817	1932628
252		2904665	2905963
253		627774	628520
254		626917	627774
255		624108	625283
256		608682	609311
257		625293	626903
258		613380	617261
259		106557	107474
260		3411886	3413043
262		585370	586131
263		3532538	3533890
264		2700503	2701408
265		3149272	3150006
266		3148840	3149265
267		1015175	1015693
268		2438407	2439627
269		3403458	3403928
270		3403939	3405288
271		1147982	1148935
272		4025632	4026795
273		4026805	4028994
274		2459328	2460668
275		1234161	1234880
276		3068187	3069266
277		4452634	4453632
278		4078322	4079251
279		4295242	4297389
280		4512376	4514700
281		4511429	4512331
282		4510434	4511432
283		4509481	4510437
284		4508713	4509480
285		4515737	4516258
286		4514787	4515740
287		609477	611717
288		622777	623733
289		618607	619422
290		620408	621412
291		617477	618610
292		619419	620411
293		612038	613162
294		2744456	2745817
295		2852360	2854438
296		167484	169727
297		171462	173444
298		169778	170575
299		170575	171465
300		1158585	1160774
301		3488883	3489485
302		4541138	4541686
303		4538980	4539582
304		4542327	4543052
305		4543119	4545755
306		4540060	4540656
307		4545765	4546295
308		4546308	4546811
309		4546831	4547733
310		200971	201996
311		3409293	3409589
312		710158	710688
313		1975290	1975868
314		1975871	1976221
315		2000134	2001630
316		2017642	2018106
317		2018111	2019115
318		2019112	2019525
319		1396798	1397550
320		49823	50302
321		2429696	2430964
322		556098	556964
323		3808366	3809175
324		4378533	4380341
325		4377806	4378540
326		4377400	4377795
327		4377030	4377389
328		4024550	4025251
329		192872	193429
330		2257741	2259432
331		2259449	2260387
332		88028	89032
333		103982	105244
334		3600102	3600770
335		91413	93179
336		103155	103985
337		3602416	3603012
338		98403	99647
339		3599051	3600109
340		3600773	3602266
341		105305	106456
342		2931063	2931710
343		2933606	2935381
344		2935460	2936908
345		2929887	2931038
346		2932257	2933573
347		2937390	2938121
348		2936910	2937332
349		1684755	1686401
350		4343703	4345349
351		1683209	1684612
352		709423	709869
353		3469422	3471536
354		2790757	2792037
355		790262	791278
356		788054	789202
357		2974621	2975652
358		2238650	2239690
359		789206	790252
360		1860795	1861790
361		3070694	3071713
362		138835	141225
363		2638708	2639826
364		3047182	3047571
365		1840395	1841738
366		16751	16903
367		3583104	3584846
368		3921767	3923656
369		3921080	3921703
370		3564623	3566056
371		3569339	3571525
372		3566056	3567351
373		3562157	3564604
374		3567369	3569342
375		3909862	3911691
376		4054648	4056057
377		2685092	2685430
378		4051892	4053301
379		846481	847227
380		4053313	4054362
381		845683	846342
382		844964	845686
383		705316	706980
384		2350669	2352297
385		2352287	2353546
386		2353543	2354733
387		3560036	3561541
388		3559520	3559846
389		4115268	4116113
390		3558645	3559475
391		4113737	4115245
392		2347957	2349033
393		3557870	3558628
394		2349038	2350396
395		752408	753691
396		3352654	3357207
397		3357220	3358638
398		4292504	4293817
399		3825483	3826688
400		2517279	2518694
401		2682276	2683529
402		3722430	3723341
403		3720351	3722420
404		2097886	2099292
405		3644322	3645674
406		3960768	3962252
407		255977	256435
408		3326261	3326737
409		2748137	2748730
410		889719	889976
411		2812905	2814461
412		3089900	3090850
413		2628980	2630557
414		2630626	2632092
415		113444	114487
416		2334815	2337442
417		3875728	3878142
418		1695297	1696064
419		1023694	1025748
420		1262937	1264193
421		387977	388951
422		3987848	3988789
423		3987111	3987851
424		497279	498241
425		173602	174882
426		3985908	3987089
427		3984709	3985905
428		4401323	4402327
429		4400061	4401320
430		4398695	4399975
431		4398311	4398619
432		479314	479532
433		1793277	1793576
434		963051	963335
435		1590200	1590466
436		1588878	1590200
437		2093149	2093886
438		2091492	2092559
439		2090422	2091492
440		2089121	2090425
441		2093868	2094644
442		2088216	2089115
443		2092559	2093149
444		2094638	2095249
445		2421758	2422531
446		2637323	2638597
447		2432846	2433658
448		200482	200967
449		2683857	2685047
450		1291732	1292145
451		4579482	4581071
452		4581272	4584784
453		4578091	4579485
454		494344	496218
455		1909719	1910600
456		180884	182308
457		1114885	1115805
458		3181835	3182488
459		4198304	4198576
460		460675	460947
461		1031362	1032480
462		1032477	1034270
463		1034289	1034996
464		1034993	1035580
465		1035577	1035975
466		1035972	1036829
467		2847996	2848457
468		2847260	2847871
469		2845437	2847263
470		2844511	2845434
471		2842784	2844493
472		2842232	2842774
473		2841465	2842232
474		2841058	2841468
475		4201343	4202668
476		2848669	2849019
477		2849023	2849895
478		2849886	2850158
479		2850158	2851279
480		2851276	2852286
481		2874603	2875640
482		1194346	1195596
483		3057775	3058668
484		4220827	4221651
485		22391	25207
486		3953354	3954898
487		3849119	3850807
488		3955993	3957468
489		3951501	3953351
490		3950507	3951436
491		87357	87848
492		85630	87354
493		3950224	3950487
494		3848825	3849115
495		3954950	3955843
496		925448	925666
497		3311364	3314036
498		1798120	1798662
499		564038	565201
500		439426	440325
501		1811891	1814152
502		2864581	2865573
503		4131858	4134038
504		3789378	3790574
505		726282	727955
506		724211	726259
507		723630	724202
508		720953	723637
509		720279	720956
510		1267388	1268242
511		970075	970821
512		3806563	3807840
513		47769	49631
514		2722470	2723768
515		51609	52430
516		360473	361084
517		365652	366734
518		361150	362403
519		362455	365529
520		4245994	4247334
521		2703347	2705146
522		2702357	2703331
523		84368	85312
524		671424	674006
525		4255138	4255746
526		2526183	2528198
527		1197918	1198811
528		3590747	3591460
529		3591462	3592229
530		3593500	3594426
531		3596578	3597681
532		3594474	3595583
533		3592226	3593503
534		458112	460466
535		127912	129336
536		1755445	1755681
537		202560	203348
538		203348	204496
539		931818	932312
540		25207	25701
541		2975659	2976921
542		4229907	4231256
543		2977043	2977978
544		3031679	3033196
545		4351223	4352740
546		4243252	4244442
547		4241554	4243098
548		4240649	4241539
549		1696176	1697204
550		4244807	4245922
551		4247577	4248497
552		3548102	3550495
553		3546008	3548092
554		3551107	3553812
555		1697379	1698971
556		1698981	1700153
557		421739	423556
558		1686600	1687775
559		1900072	1901043
560		1901106	1901906
561		1901910	1902770
562		188712	189506
563		2909113	2909361
564		2907916	2908707
565		1209569	1210402
566		4575981	4577360
567		4574935	4575981
568		3381352	3382290
569		4339934	4341289
570		4341404	4342813
571		2375611	2377281
572		2443582	2444406
573		4212303	4213232
574		4126695	4127855
575		3150258	3151445
576		4011076	4013337
577		4130639	4131529
578		2192322	2194355
579		4221851	4225534
580		4126101	4126418
581		3084728	3085882
582		4127858	4130290
583		4009886	4010839
584		2235791	2237311
585		2237372	2238370
586		2234765	2235775
587		4397275	4398225
588		1224608	1225303
589		1223772	1224584
590		1223502	1223768
591		4369048	4370694
592		4368711	4369004
593		1974276	1975163
594		1973353	1974279
595		2808792	2809322
596		96002	97084
597		164730	167264
598		665539	667440
599		664424	665536
600		3398066	3399109
601		3396897	3398000
602		3396409	3396897
603		2191081	2192190
604		4584972	4585886
605		965844	967592
606		1937246	1938217
607		3770304	3772217
608		3772447	3773595
609		3302595	3303839
610		975549	980009
611		100765	102240
612		97087	98403
613		93166	94653
614		94650	96008
615		99644	100711
616		2967684	2968373
617		2855115	2857676
618		111044	111433
619		3101035	3102087
620		567538	567870
621		781308	782351
622		2708442	2710064
623		700826	701974
624		702034	702834
625		698797	699549
626		703167	705113
627		699597	700817
628		3370705	3371598
629		1279087	1282830
630		1282827	1284365
631		1285072	1285749
632		1284362	1285072
633		1277180	1278571
634		1274402	1275052
635		1533961	1534641
636		1534638	1535333
637		1275045	1276841
638		1535333	1536877
639		1536874	1540614
640		1165308	1166612
641		2642455	2642886
642		2248862	2249719
643		17489	18655
644		3492033	3494576
645		3495025	3495831
646		3494573	3494899
647		3332931	3333209
648		3837198	3838016
649		2595853	2596887
650		2342887	2345172
651		2345406	2346536
652		1709547	1710182
653		1820482	1821309
654		3103736	3104992
655		3314061	3315548
656		434361	434780
657		4175766	4176311
658		1397745	1398260
659		1018236	1019276
660		2309668	2310771
661		985117	986205
662		3533887	3534606
663		583903	584856
664		1299206	1300837
665		1300923	1301843
666		1301858	1302766
667		1302778	1303791
668		1303788	1304792
669		1341134	1341352
670		1554649	1555080
671		4156513	4157430
672		3488288	3488851
673		1892829	1894190
674		778290	778811
675		3405629	3407080
676		3161737	3163995
677		3171526	3173418
678		3530840	3532462
679		2866915	2867541
680		157729	159126
681		52427	53416
682		2434737	2435873
683		2699020	2699751
684		4482463	4483974
685		254259	255716
686		989845	992457
687		3051537	3052862
688		4029184	4030515
689		4105575	4106537
690		1804394	1805323
691		950495	952777
692		4231781	4233430
693		3069481	3070644
694		435813	436331
695		1337354	1338118
696		1990293	1990841
697		2735767	2736927
698		601182	602558
699		1795983	1796966
700		1793581	1795968
701		4324422	4324757
702		4323321	4323764
703		4322400	4323188
704		4321359	4322375
705		4319720	4320445
706		4319267	4319719
707		4318686	4319270
708		4317622	4318686
709		4316784	4317629
710		4316029	4316787
711		4315238	4315918
712		4314105	4315241
713		4313548	4314105
714		4313127	4313561
715		4312367	4313125
716		400971	402386
717		416366	417055
718		258269	259324
719		4634719	4636143
720		1188999	1189670
721		1187539	1188999
722		417113	418408
723		3908508	3909548
724		3904876	3905601
725		738730	740148
726		1208908	1209462
727		4002885	4003754
728		4007193	4008215
729		4252066	4254489
730		4455982	4457334
731		988377	989579
732		3307055	3309190
733		1674395	1675927
734		1672996	1674384
735		4044989	4047775
736		63429	65780
737		3520893	3523445
738		1183681	1184817
739		1182840	1183667
740		1182049	1182843
741		1181006	1182052
742		716169	717488
743		908554	910272
744		4447145	4447675
745		4148470	4151121
746		3489747	3490319
747		553166	553660
748		1782758	1785136
749		1910792	1912840
750		1264235	1265317
751		3033206	3034304
752		4122635	4124833
753		4423543	4423857
754		489509	490036
755		3440788	3442119
756		260727	261980
757		259612	260715
758		404059	404868
759		217057	218775
760		2802837	2804039
761		2804032	2805096
762		2805154	2806146
763		1260151	1261098
764		4387415	4388383
765		1366103	1366771
766		1366825	1367049
767		1367049	1367408
768		1367417	1367638
769		1367713	1368027
770		2720749	2722104
771		3906572	3907462
772		3905616	3906389
773		3907462	3908421
774		1257152	1257736
775		2954018	2956906
776		1157092	1158525
777		2531786	2532043
778		2532088	2533815
779		4402710	4404008
780		2594927	2595640
781		4202665	4203954
782		551814	552323
783		2426743	2428260
784		4203966	4205555
785		550750	551817
786		2689678	2693565
787		2619219	2620256
788		2620256	2620894
789		1735868	1736893
790		1074143	1078105
791		1078528	1080036
792		1935673	1937115
793		1753722	1755134
794		4469483	4470418
795		1120784	1121830
796		1003991	1005001
797		3813150	3813791
798		1339945	1340682
799		2906051	2907688
800		4469009	4469470
801		424235	425305
802		1415512	1415787
803		3931801	3933306
804		3934301	3935191
805		3933311	3934276
806		3931374	3931793
807		3935317	3936246
808		3936250	3937242
809		2021992	2022615
810		2314199	2314849
811		2315049	2317898
812		2820730	2821791
813		2950483	2954025
814		2957082	2960450
815		2948657	2950483
816		1412810	1415410
817		3878171	3879244
818		3823233	3825314
819		3034395	3036128
820		2749817	2751478
821		2699763	2700491
822		4003887	4005716
823		493629	494234
824		2909439	2911673
825		1643657	1643896
826		3958700	3960721
827		3792010	3792942
828		4022356	4022844
829		3965939	3967042
830		2001896	2003302
831		4096669	4097517
832		4095759	4096595
833		3962388	3963653
834		3964440	3965699
838		522485	526765
839		4606208	4606654
840		1124785	1125369
841		891190	892092
842		1496962	1497501
843		663325	664413
844		670828	671409
845		643420	644226
846		2701405	2702085
847		1884888	1886015
848		1140405	1143590
849		235535	236002
850		204493	205089
851		3882516	3882875
852		4176902	4177606
853		3448565	3449386
854		3450319	3450948
855		3449703	3450308
856		3444921	3445460
857		3443629	3444162
858		4424131	4424580
859		4178019	4178516
860		4176470	4176898
861		4178583	4178948
862		3376245	3376673
863		3445800	3446171
864		3442127	3442561
865		3446781	3447191
866		3437638	3438021
867		3443266	3443619
868		2742205	2742552
869		1797417	1797773
870		3447923	3448255
871		3449404	3449706
872		3445475	3445789
873		2280539	2280823
874		3809461	3809697
875		3446590	3446781
876		3442565	3442744
877		4125036	4125248
878		1146590	1146763
879		3809273	3809440
880		3882359	3882499
881		3438062	3439051
882		4179268	4183296
883		4183373	4187596
884		3211069	3212910
885		3597952	3598806
886		3342739	3344172
887		3820129	3820404
888		961218	962891
889		189874	190599
890		3447204	3447905
891		3439077	3439697
892		3442748	3443251
893		4423141	4423536
894		3471564	3472103
895		3444175	3444567
896		3375837	3376229
897		3450981	3451292
898		3439731	3440120
899		3472200	3472574
900		3440137	3440493
901		3444601	3444906
902		3309437	3309706
903		2743959	2744207
904		3446336	3446590
905		4423862	4424089
906		3448270	3448548
907		20815	21078
908		3208803	3209018
909		1986740	1987237
910		4172099	4173049
911		1943389	1944000
912		1942370	1943380
913		1944879	1945400
914		2080780	2082207
915		411831	414977
916		395863	397083
917		4106857	4107846
918		1894956	1896320
919		755130	756896
920		756912	757628
921		754400	754789
922		754783	755130
923		1994134	1994856
924		108279	110984
925		3781684	3782151
926		426871	428718
927		4175381	4175764
928		428729	429700
929		3757881	3759272
930		3756040	3757884
931		1844989	1846032
932		3055200	3056432
933		4622918	4623886
934		956876	957964
935		938651	939943
936		1551996	1553693
937		160782	161486
938		4628756	4630693
939		4622168	4622812
940		2751627	2751968
941		4098833	4099453
942		1733402	1733983
943		3275024	3275359
944		1327356	1328405
945		4275492	4275956
946		4275083	4275406
947		3081957	3083933
948		3080899	3081819
949		3105042	3107177
950		134788	135582
951		135598	136464
952		717485	719683
953		3819451	3820074
954		3820423	3822531
955		3822538	3823227
956		1846861	1848717
957		2823854	2824417
958		2825384	2825755
959		2825759	2826538
960		2826643	2827002
961		2827835	2828800
962		2827069	2827842
963		2710918	2712252
964		4272148	4272684
965		3374804	3375442
966		3374301	3374798
967		757929	760730
968		760745	761962
969		762237	763403
970		763403	764272
971		2661464	2662267
972		1019633	1020142
973		53416	54702
974		3711115	3711678
975		1967407	1969008
976		1969054	1970715
977		3264149	3265087
978		3263061	3264050
979		3261708	3263039
980		3265402	3265620
981		3788343	3789368
982		1292750	1293367
983		473525	474385
984		425361	426488
985		3884851	3886215
986		337	2799
987		2801	3733
988		3734	5020
989		1798666	1800594
990		2962383	2963177
991		454357	455655
992		1924803	1926863
993		3886753	3888168
994		3888259	3889506
995		775565	776830
996		776963	778255
997		3176137	3177618
998		774376	775068
999		775072	775500
1000		1309113	1309832
1001		1329072	1331669
1002		1843023	1844984
1003		4108763	4109530
1005		1244902	1246599
1006		1490494	1492134
1007		3434540	3435916
1008		1421806	1423263
1009		4031168	4032619
1010		4160193	4161293
1011		2742594	2743361
1012		1314440	1315246
1013		1315246	1316439
1014		1316451	1317809
1015		1317813	1319408
1016		1319408	1320970
1017		4630783	4631109
1018		3510656	3511660
1019		3963784	3964113
1020		930308	931273
1021		190857	191708
1022		4589680	4591335
1023		430353	431237
1024		3468167	3469351
1026		1682283	1683212
1027		2736970	2738091
1028		4265137	4266330
1029		1987705	1988916
1030		1384744	1386285
1031		1713972	1715246
1032		2426079	2426648
1033		4014454	4015215
1034		3588047	3588934
1035		3589032	3590348
1036		3586133	3587203
1037		3587205	3588050
1038		3585393	3586136
1039		3848159	3848749
1040		3846657	3848159
1041		3845328	3846647
1042		3843799	3845190
1043		1692284	1694095
1044		1230409	1231677
1045		1229990	1230409
1046		2714776	2715465
1047		2433658	2434671
1048		504138	505790
1049		4269072	4271894
1050		812749	814770
1051		1990898	1992730
1052		3996006	3998168
1053		1607253	1608704
1054		4549659	4550843
1055		4479005	4481860
1056		2028472	2028942
1057		3994310	3995206
1058		3036134	3036844
1059		3036869	3037765
1060		2632254	2633624
1061		1830452	1831258
1062		3727466	3728788
1063		3725940	3727394
1064		4238802	4240277
1065		18715	19620
1066		21407	22348
1067		25826	26275
1068		26277	27227
1069		27293	28207
1070		60358	63264
1071		89634	90092
1072		90094	91035
1073		91032	91397
1074		107705	108217
1075		122092	122856
1076		136570	136917
1077		178455	179153
1078		256527	257771
1080		406203	406394
1081		414974	416176
1082		423561	424142
1083		426511	426843
1084		429829	430176
1085		440325	440567
1086		475896	476249
1087		493300	493629
1088		498238	499197
1089		499349	500653
1090		563071	563703
1091		621523	622773
1092		628523	628936
1093		631405	631602
1094		738224	738733
1095		764376	765098
1096		773975	774379
1097		921589	921813
1098		925951	926655
1099		1029982	1030641
1100		1039668	1039760
1101		1116030	1117082
1102		1121936	1122496
1103		1144163	1145122
1104		1146017	1146538
1105		1207740	1208342
1106		1309872	1310270
1107		1310375	1310914
1108		1310944	1311687
1109		1312044	1312682
1110		1312742	1313248
1111		1313294	1313794
1112		1313880	1314059
1113		1340682	1341008
1114		1642675	1642926
1115		1643143	1643298
1116		1643370	1643657
1117		1785469	1786302
1118		1790291	1790755
1119		1846149	1846700
1120		1849911	1850552
1121		1944275	1944877
1122		1945435	1946175
1123		1946204	1946656
1124		1988978	1989643
1125		1992727	1993383
1126		2027563	2028483
1127		2332978	2334666
1128		2337589	2338311
1129		2442773	2443582
1130		2513665	2515854
1131		2519615	2520499
1132		2589269	2589625
1133		2597928	2598500
1134		2599223	2599840
1135		2735176	2735517
1136		2741647	2742129
1137		2743392	2743940
1138		2960463	2960786
1139		2960771	2961178
1140		2961175	2961738
1141		2977965	2978657
1142		3054263	3054811
1143		3066195	3066830
1144		3066969	3067829
1145		3071998	3072711
1146		3072708	3073217
1147		3177766	3178437
1148		3178443	3179603
1149		3179641	3180429
1150		3180572	3181345
1151		3204485	3205396
1152		3205393	3205998
1153		3207552	3208565
1154		3260474	3261682
1155		3265876	3266415
1156		3266437	3267624
1157		3268647	3269792
1158		3269889	3270773
1159		3309855	3310799
1160		3310799	3311200
1161		3315576	3316028
1162		3436046	3436456
1163		3464819	3465013
1164		3483436	3483840
1165		3514042	3515328
1166		3584966	3585406
1167		3724947	3725384
1169		3790849	3791706
1170		3794002	3794961
1171		3807848	3808327
1172		3812517	3813113
1173		3814699	3815562
1174		3815783	3816607
1175		3826968	3828359
1176		3874163	3874975
1177		3875090	3875488
1178		3883099	3884745
1179		3911853	3913223
1180		3924035	3924478
1181		3993606	3994313
1182		3995206	3995922
1183		4048156	4048788
1184		4163451	4164308
1185		4170080	4171108
1186		4211257	4211640
1187		4211703	4212146
1188		4218324	4220510
1189		4238348	4238758
1190		4325158	4327386
1191		4380666	4381643
1192		4404213	4404638
1193		4597718	4598212
1194		4599647	4600120
1195		4633544	4634017
1196		4634030	4634719
1197		1489701	1489874
1198		1932863	1934338
1199		2144716	2145564
1200		4154873	4156246
1201		2019528	2019893
1202		4363495	4364796
1203		81958	83529
1204		1545425	1548472
1205		1548485	1549369
1206		1549362	1550015
1207		4338743	4339651
1208		1797826	1798023
1209		3440640	3440756
1210		1680906	1682207
1211		1771813	1772679
1212		830095	831459
1213		331595	332683
1214		3465182	3467875
1215		806656	807132
1216		796836	797654
1217		1489946	1490095
1218		944154	944780
1219		945094	946242
1220		3065362	3066102
1221		3073239	3074204
1222		1395696	1396646
1223		2911721	2913022
1224		2908778	2909113
1225		4446470	4446721
1226		1266543	1267352
1227		974845	975549
1228		980270	982117
1229		667471	667938
1230		667942	668259
1231		400610	400870
1232		402927	404042
1233		952832	953689
1234		4404677	4407118
1235		3946472	3947992
1236		890407	891129
1237		3490590	3491771
1238		3451530	3451949
1239		960424	961107
1240		3787070	3788104
1241		3725430	3725771
1242		3432236	3433183
1243		2088020	2088070
1244		3948345	3948443
1245		2735621	2735668
1246		1797250	1797294
1247		1321062	1321106
1248		3850913	3851011
1249		3886458	3886532
1250		190	255
1251		4470422	4470556
1252		83622	83708
1253		4395435	4397282
1254		2599840	2601858
1255		202101	202556
1256		2685491	2686825
1257		4151719	4152870
1258		2854475	2854828
1259		409368	410276
1260		2233287	2234522
1261		2239832	2240989
1262		3079935	3080693
1263		3147684	3148568
1264		1262100	1262723
1265		1261249	1262100
1266		3967054	3968100
1267		4623935	4625317
1268		4041441	4042067
1269		3395807	3396400
1270		3394348	3395817
1271		1646532	1646687
1272		1646689	1646817
1273		1646847	1647065
1274		1647818	1648009
1275		658170	658373
1276		658474	659439
1277		1472245	1473105
1278		1473168	1475474
1279		3408302	3409267
1280		3809914	3810582
1281		4097514	4098548
1282		1189839	1191209
1283		3401506	3402480
1284		3735520	3737550
1285		1148951	1149880
1286		1149893	1150627
1287		1290680	1291588
1288		432226	432675
1289		432679	433782
1290		433871	434341
1291		3052888	3053466
1292		3050362	3051540
1293		1333855	1336530
1294		355395	356678
1295		354146	355405
1296		2654770	2655105
1297		2789295	2790743
1298		2792275	2793675
1299		1336594	1337184
1300		2618268	2618894
1301		3049137	3050339
1302		3817511	3819193
1303		4625338	4626570
1304		3088369	3089076
1305		2245085	2246554
1306		1113030	1113404
1307		3803966	3805090
1308		3803176	3803973
1309		3805087	3806121
1310		1297821	1298468
1311		1113487	1114713
1312		1191890	1192996
1313		1191213	1191854
1314		2010724	2011038
1315		2011253	2012911
1316		3882839	3883096
1317		3802204	3803139
1318		3801081	3802160
1319		3800062	3801081
1320		3799006	3800022
1321		2809449	2810621
1322		1999094	1999813
1323		1998497	1999048
1324		832293	834443
1325		3333257	3334516
1326		3463565	3464242
1327		3734376	3735200
1328		2137783	2139636
1329		159186	160112
1330		4394088	4395425
1331		3898627	3900243
1332		4632464	4633333
1333		2913079	2915835
1334		2373984	2374841
1335		4250529	4251026
1336		4251039	4251911
1337		2695937	2696572
1338		2695376	2695879
1339		2693823	2695379
1340		157253	157732
1341		2241006	2241674
1342		3159279	3160691
1343		3160766	3161503
1344		1762042	1762410
1345		1038519	1039655
1346		1036963	1038507
1347		3189761	3189961
1348		3347828	3348481
1349		638168	638731
1350		638976	640541
1351		2004180	2005667
1352		2003327	2003737
1353		2003737	2004102
1354		3638134	3638568
1355		4609419	4610024
1356		1232399	1233940
1357		1231723	1232253
1358		4159147	4159794
1359		4159794	4160153
1360		4023011	4024504
1361		3654431	3654763
1362		3653989	3654315
1363		3653278	3653925
1364		402505	402825
1365		4461077	4462732
1366		2623137	2624678
1367		1255944	1257035
1368		928419	930185
1369		1740625	1741266
1370		1236794	1238092
1371		1238102	1239172
1372		967589	968575
1373		4455337	4455888
1374		185978	188650
1375		669797	670828
1376		4481860	4482303
1377		4605826	4606239
1378		847631	848134
1379		4458545	4460683
1380		2139658	2140239
1381		2276592	2277782
1382		357015	357914
1383		2346844	2347494
1384		3796262	3797335
1385		3794971	3796230
1386		3798290	3798988
1387		3797368	3798219
1388		3077666	3079657
1389		4157413	4158813
1390		4187809	4188348
1391		1186342	1187463
1392		2516489	2516833
1393		2516835	2517227
1394		4439561	4440199
1395		1617598	1617981
1396		1617144	1617578
1397		4493213	4494232
1398		1146844	1147914
1399		1145234	1145818
1400		2810638	2812176
1401		3431712	3432221
1402		3641163	3643205
1403		3047595	3048689
1404		3056688	3057347
1405		3058872	3061016
1406		3061009	3062004
1407		2816983	2817168
1408		4283436	4285394
1409		3945151	3945990
1410		3946109	3946447
1411		3968156	3969286
1412		3969283	3970545
1413		3970545	3971612
1414		3971631	3972512
1415		3972490	3973164
1416		3973169	3974299
1417		3976624	3977976
1418		3977979	3978719
1419		3978910	3980295
1420		2583753	2585453
1421		3998315	3999079
1422		3999449	4000399
1423		4000442	4000822
1424		4000836	4001216
1425		4001311	4002201
1426		4002253	4002720
1427		4005780	4006400
1428		4006462	4007082
1429		4008223	4009023
1430		4009099	4009998
1431		4015356	4016783
1432		4016878	4017633
1433		4017647	4018252
1434		4018249	4019889
1435		4019968	4020237
1436		4020759	4021535
1437		4021577	4022359
1438		4030515	4031129
1439		4032631	4033176
1440		3974301	3975551
1441		1715375	1716031
1442		1716090	1716419
1443		1103670	1104125
1444		1568669	1570069
1445		4255765	4257144
1446		4261271	4262254
1447		1152523	1153332
1448		1153335	1154357
1449		3655018	3655590
1450		3407092	3407973
1451		3409675	3410559
1452		3329792	3330757
1453		1154985	1155989
1454		4336277	4338544
1455		219591	219995
1456		218887	219594
1457		220113	220928
1458		1923132	1923362
1459		3323023	3324957
1460		3325057	3325686
1461		1553850	1553987
1462		2621066	2623132
1463		9306	9893
1464		9928	10494
1465		11382	11786
1466		3359198	3359962
1467		3360134	3360808
1468		1234932	1236464
1469		4112592	4113602
1470		4111749	4112495
1471		3616611	3617012
1472		3621422	3621805
1473		728357	728563
1474		732999	733325
1475		734873	735442
1479		2288522	2289169
1480		1348275	1349063
1481		4120403	4121362
1482		1886085	1887770
1483		1739437	1740585
1484		2373022	2373984
1485		1258014	1258292
1486		3865032	3865445
1487		3864492	3864920
1488		3862635	3864296
1489		1125380	1126027
1490		2710049	2710786
1491		191855	192580
1492		1066335	1066931
1493		3929339	3931207
1494		518363	518989
1495		4195739	4196803
1496		3656389	3656916
1497		1139256	1140209
1498		117752	118645
1499		1726371	1727018
1500		1727111	1731727
1501		1185067	1186293
1502		2833195	2835447
1503		2835600	2836127
1504		3320755	3322092
1505		2796113	2796517
1506		6529	7959
1507		8238	9191
1508		35377	36162
1509		36271	37824
1510		37898	39115
1511		39244	40386
1512		40417	41931
1513		42403	43173
1514		43188	44129
1515		44180	45466
1516		45463	45750
1517		45807	47138
1518		47246	47776
1519		54755	57109
1520		57364	58179
1521		71351	72115
1522		72229	72927
1523		72911	74521
1524		74497	75480
1525		78848	79453
1526		79464	80864
1527		80867	81958
1528		3534834	3535310
1529		831691	832173
1530		834471	835433
1531		835574	836659
1532		533140	534921
1533		534934	535710
1534		4192227	4194122
1535		4191592	4192227
1536		4190844	4191599
1537		4189888	4190658
1538		4188758	4189891
1539		660860	661501
1540		661602	661865
1541		659648	660601
1542		816267	817256
1543		817278	817790
1544		818271	818516
1545		818518	818970
1546		1618013	1618231
1547		2650516	2651361
1548		2652179	2652955
1549		3194823	3197663
1550		3197686	3198987
1551		3430458	3431582
1552		3430013	3430486
1553		1307040	1308293
1554		1308593	1308889
1555		1305209	1306669
1556		2481777	2482391
1557		2482396	2485989
1558		4328525	4330027
1559		4331970	4333613
1560		4330204	4331295
1561		4331305	4331973
1562		4374898	4375215
1563		2160900	2162303
1564		2162300	2163022
1565		1169741	1173187
1566		1345002	1346936
1567		221614	222645
1568		468095	469867
1569		2927598	2928965
1570		902229	902957
1571		901480	902211
1572		900757	901473
1573		900089	900757
1574		899067	899798
1575		893007	894119
1576		894214	895347
1577		895357	896310
1578		896307	897152
1579		580057	580602
1580		1615052	1616242
1581		1616267	1616932
1582		1618262	1619161
1583		1619356	1620543
1584		1620984	1621874
1585		1622129	1622521
1586		1622797	1623315
1587		2256377	2257318
1588		208621	209580
1589		229167	229970
1590		229967	230881
1591		231122	231922
1592		231926	232549
1593		3380222	3381289
1594		3991762	3992082
1595		2012904	2013899
1596		2013892	2014578
1597		518957	519643
1598		1690914	1692287
1599		2005701	2006114
1600		2006301	2007506
1601		2007503	2007736
1602		3475929	3476519
1603		3475662	3475880
1604		3201332	3202153
1605		817793	818278
1606		2318065	2319891
1607		2319888	2321273
1608		2321469	2322131
1609		2322131	2322781
1610		2322778	2324100
1611		2324131	2325315
1612		3202243	3202611
1613		3202716	3203333
1614		148807	149601
1615		4119780	4120310
1616		791539	793011
1617		149715	150953
1618		2971877	2974036
1619		3341966	3342691
1620		3344195	3344482
1621		3344600	3345091
1622		3816897	3817514
1623		3828480	3830189
1624		3830242	3832560
1625		3832570	3833952
1626		3834976	3836160
1627		3836271	3837194
1628		3838572	3839762
1629		3839973	3840425
1630		3840478	3841812
1631		3841987	3843753
1632		3851945	3853129
1633		3853137	3853634
1634		3853631	3853993
1635		3853983	3854330
1636		3854438	3854887
1637		787020	788060
1638		786066	786818
1639		782389	783108
1640		2140331	2140972
1641		4194926	4195699
1642		483650	484843
1643		480478	483627
1644		3854934	3856427
1645		3856424	3858139
1646		3858306	3859199
1647		3861922	3862638
1648		3865751	3866083
1649		3866085	3867299
1650		3867400	3868464
1651		3868461	3869753
1652		3871018	3871635
1653		3871619	3872497
1654		3872494	3873183
1655		3873461	3874117
1656		3889638	3890813
1657		3890788	3891747
1658		3891904	3892653
1659		3892675	3893241
1660		3893295	3894632
1661		3894797	3895462
1662		3895529	3895996
1663		3896045	3896632
1664		3896694	3897416
1665		3897431	3898600
1666		3926175	3927626
1667		3927620	3929116
1668		3937208	3938635
1669		3938658	3939350
1670		1084215	1085279
1671		1082599	1083870
1672		222833	223408
1673		220968	221621
1674		4194355	4194831
1675		590164	592401
1676		587205	590177
1677		3410825	3411487
1678		1575681	1577366
1679		1573271	1575643
1680		1570431	1573226
1681		147944	148795
1682		146314	146694
1683		146968	147870
1684		145081	146310
1685		3541189	3542067
1686		1978212	1979636
1687		1979611	1980411
1688		1269972	1271072
1689		77621	78799
1690		2033859	2034710
1691		349236	350405
1692		4393608	4394069
1693		4392089	4393636
1694		1326378	1327136
1695		1527946	1528428
1696		1531076	1531309
1697		3759370	3759978
1698		3766200	3766661
1699		3768266	3769402
1700		3769405	3769767
1701		3623702	3624826
1702		529356	530450
1703		526805	527173
1704		2389534	2391063
1705		2398240	2399577
1706		710828	711121
1707		711261	712025
1708		3100155	3100874
1709		4285787	4287223
1710		2752918	2753400
1711		2754181	2755422
1712		2714088	2714471
1713		2712461	2713342
1714		2715513	2716550
1715		2125217	2126338
1716		2124249	2125214
1717		2123767	2124246
1718		2122547	2123770
1719		3076909	3077352
1720		3075493	3076881
1721		2939258	2939653
1722		2938165	2939265
1723		2939672	2940589
1724		4621124	4622140
1725		2576688	2577638
1726		114522	115724
1727		3142176	3143162
1728		3141008	3142186
1729		3139308	3141011
1730		3138814	3139308
1731		3138333	3138821
1732		3137999	3138340
1733		3137738	3137986
1734		1927072	1927731
1735		1928058	1928414
1736		1928481	1928771
1737		1928905	1930083
1738		3044190	3047063
1739		4412298	4413923
1740		4411051	4412214
1741		1058479	1061025
1742		1057307	1058479
1743		2869323	2869802
1744		2867535	2868296
1745		1287005	1287847
1746		1117124	1117699
1747		472190	473476
1748		1362256	1363536
1749		2550374	2551243
1750		3151585	3152244
1751		1532989	1533882
1752		1041253	1043433
1753		4311373	4311822
1754		4038929	4039456
1755		4039438	4040022
1756		4040092	4040361
1757		4040438	4041424
1758		4042222	4043652
1759		4043693	4044625
1760		4049370	4049879
1761		4050068	4051441
1762		4056430	4058253
1763		4058470	4059180
1764		4059188	4060168
1765		4060270	4061535
1766		4062386	4063789
1767		4063832	4065217
1768		4065263	4067299
1769		4067498	4068424
1770		4068538	4069779
1771		4069796	4070674
1772		4070698	4071594
1773		4071762	4072658
1774		4072692	4073477
1775		4073576	4074175
1776		4074169	4075041
1777		4075038	4075475
1778		4075472	4076461
1779		4077320	4077532
1780		4077774	4077992
1781		4079248	4079883
1782		4079880	4080782
1783		4080795	4083845
1784		4084039	4084872
1785		4085025	4086080
1786		4086130	4087878
1787		4087878	4088948
1788		4088938	4090389
1789		4090400	4090846
1790		4091147	4091461
1791		4091471	4092295
1792		4092746	4094005
1793		4094002	4095471
1794		4099713	4100696
1795		4100845	4101519
1796		3511653	3512411
1797		4103843	4104343
1798		4104492	4105394
1799		4109638	4110237
1800		4110338	4110778
1801		4110990	4111289
1802		4111316	4111744
1803		4116538	4116783
1804		4116868	4117353
1805		4117446	4118372
1806		4118439	4119770
1807		4125309	4125917
1808		1498597	1499589
1809		1499586	1500179
1810		1108558	1110093
1811		1110086	1112629
1812		2716757	2717176
1813		3779238	3779711
1814		3652706	3653236
1815		3651984	3652550
1816		2077557	2078615
1817		2078813	2079286
1818		2079405	2080571
1819		2082250	2082477
1820		2082491	2083549
1821		2083728	2085086
1822		2707459	2708034
1823		1412008	1412817
1824		1411757	1411951
1825		1411555	1411764
1826		4134131	4135036
1827		4135063	4135680
1828		4135955	4137058
1829		4137069	4137731
1830		4137743	4140244
1831		4140553	4141632
1832		4141647	4141967
1833		4142018	4144315
1834		4144281	4145159
1835		4145161	4145502
1836		4145489	4146340
1837		4146555	4148288
1838		4196813	4197484
1839		4197527	4198117
1840		4198589	4199284
1841		4199286	4199711
1842		4225754	4227385
1843		4227476	4228165
1844		4228377	4229249
1845		4229382	4229654
1846		4233929	4234171
1847		4234285	4234923
1848		4234920	4235657
1849		4235657	4237753
1850		4257260	4257469
1851		4257511	4258026
1852		4258344	4258598
1853		4258622	4259329
1854		4259737	4260729
1855		4260863	4261105
1856		4267437	4268150
1857		4268261	4268677
1858		4268681	4269037
1859		4272783	4273064
1860		4273494	4275080
1861		4276502	4277851
1862		4278003	4279652
1863		4279806	4281098
1864		4281276	4282925
1865		4282922	4283236
1866		4287268	4287834
1867		4287831	4288502
1868		4288499	4289455
1869		4289535	4291193
1870		4291186	4291569
1871		4291566	4292162
1872		4294459	4295148
1873		4297587	4299053
1874		4299050	4301101
1875		4301101	4302132
1876		4302635	4304620
1877		4304893	4305822
1878		4305806	4306501
1879		4306512	4307492
1880		4307471	4309003
1881		3512404	3513081
1882		3775422	3777077
1883		3777077	3777853
1884		3777850	3779040
1885		3774688	3775050
1886		3773595	3774182
1887		4335191	4335952
1888		1137601	1139244
1889		3436453	3436671
1890		3436727	3437152
1891		3437163	3437531
1892		2511064	2512266
1893		152829	155426
1894		155461	156201
1895		4541751	4542290
1896		2019893	2020630
1897		2020640	2020909
1898		2020917	2021702
1899		2108162	2109043
1900		2107605	2108162
1901		2106361	2107608
1902		2105250	2106353
1903		2104084	2105250
1904		2103089	2104081
1905		2102518	2103108
1906		2101415	2102533
1907		2185402	2186436
1909		2188948	2189667
1910		2189702	2190244
1911		2190537	2190818
1912		2198301	2201933
1913		2201994	2202311
1914		2202618	2203706
1915		2203717	2205996
1916		2205989	2207125
1917		2209247	2209708
1918		2209748	2210218
1919		2210265	2210984
1920		2210981	2212666
1921		2212888	2213619
1922		2213767	2214498
1923		2214503	2215429
1924		2215422	2216579
1925		2216586	2217503
1926		2217714	2220011
1927		2221960	2222892
1928		2223066	2223653
1929		2223823	2224401
1930		2224531	2225292
1931		2227460	2228407
1932		2228646	2229044
1933		2229041	2229736
1934		2230900	2231619
1935		2241932	2242768
1936		2247739	2248788
1937		2249722	2250810
1938		2250917	2252167
1939		2252267	2253208
1940		2253377	2254036
1941		2254107	2255357
1942		2255451	2256389
1943		2261885	2263066
1944		2263472	2264044
1945		2264267	2265733
1946		2270386	2272200
1947		2272201	2273295
1948		2273295	2274320
1949		2274322	2275911
1950		2275915	2276259
1951		2282151	2282378
1952		2277810	2278505
1953		2278654	2280414
1954		2280962	2281969
1955		2282398	2284158
1956		2289380	2290432
1957		2290429	2290986
1958		2290983	2292926
1959		2292923	2293402
1960		2293605	2294342
1961		2294384	2295046
1962		2295043	2295666
1963		2295679	2296281
1964		2296291	2296740
1965		2296737	2297600
1966		2297587	2298282
1967		2298289	2300775
1968		2301025	2301519
1969		2303130	2304776
1970		2304994	2306637
1971		2308501	2309556
1972		16751	16960
1973		3611690	3613264
1974		3613264	3614208
1975		3614205	3615038
1976		3615038	3615802
1977		3615799	3616605
1978		2820161	2820661
1979		2961729	2962199
1980		2402651	2403094
1981		2401973	2402635
1982		2400077	2401867
1983		2399574	2400074
1984		2395461	2398187
1985		2394487	2395464
1986		2393930	2394472
1987		2393364	2393918
1988		2393065	2393367
1989		2391227	2393068
1990		2388070	2389527
1991		75644	77299
1992		3320195	3320527
1993		4446715	4447065
1994		2732325	2733056
1995		2733053	2734033
1996		4373722	4374288
1997		2577658	2579661
1998		3538185	3538412
1999		3538429	3540750
2000		2265851	2266837
2001		2246759	2247640
2002		115714	117099
2003		117109	117549
2004		2828797	2830311
2005		1485259	1486059
2006		2865636	2866775
2007		2756666	2756878
2008		3517487	3518725
2009		4607437	4609026
2010		4606669	4607346
2011		484985	485632
2012		1287897	1288355
2013		1288468	1289373
2014		1289465	1290478
2015		3087777	3088274
2016		2403725	2404663
2017		2424028	2424810
2018		2423252	2423938
2019		727955	728044
2020		4462782	4464203
2021		2963184	2964059
2022		2616893	2618182
2023		2655107	2656957
2024		2656974	2657489
2025		2657585	2657908
2026		2541854	2542645
2027		848433	849320
2028		849673	850188
2029		2159488	2160903
2030		215269	215979
2031		216179	217003
2032		2686815	2687528
2033		1736890	1737822
2034		1737935	1739146
2035		2926251	2927540
2036		2300772	2301035
2037		712781	714421
2038		3345137	3345991
2039		3345988	3346260
2040		3086306	3087700
2041		1669400	1669708
2042		2062503	2063246
2043		2061412	2062491
2044		4492646	4493209
2045		1540696	1542084
2046		1416695	1417183
2047		1416032	1416253
2048		1415862	1416032
2049		1417180	1417335
2050		408332	409243
2051		407401	407685
2052		3433229	3434518
2053		4631820	4632467
2054		973542	974864
2055		971845	972624
2056		972760	973545
2057		418815	420134
2058		2293399	2293608
2059		4613538	4615088
2060		1161108	1161467
2061		3463104	3463565
2062		1417346	1417480
2063		4360756	4361331
2064		4363041	4363379
2065		4361368	4363065
2066		656515	656724
2067		655780	656340
2068		1731778	1732125
2069		452813	453391
2070		451294	452769
2071		3175303	3175932
2072		3174880	3175302
2073		3173447	3174028
2074		3174028	3174855
2075		2964210	2966456
2076		2551247	2552146
2077		2552152	2553204
2078		471822	472160
2079		2748853	2749731
2080		1062078	1062998
2081		1061773	1062078
2082		1061022	1061621
2083		1063259	1064515
2084		712210	712755
2085		1814410	1815159
2086		2145698	2147050
2087		2797672	2798016
2088		4464322	4465269
2089		1639363	1639578
2090		1905250	1905459
2091		1639879	1640091
2092		1904275	1905084
2093		656778	657161
2094		3792952	3793998
2095		3596007	3596390
2096		3603002	3603271
2097		3603274	3603633
2098		3603774	3604400
2099		3604474	3606672
2100		3606774	3607019
2101		3607240	3607905
2102		3607978	3608535
2103		3608539	3609756
2104		3609888	3610937
2105		3610992	3611579
2106		3624826	3627561
2107		3627558	3628625
2108		3628991	3630613
2109		3632864	3633916
2110		3634231	3635433
2111		3635665	3637164
2112		3637408	3637743
2113		3638885	3640354
2114		3640403	3641155
2115		3643408	3644250
2116		3646551	3646904
2117		3646958	3648247
2118		3648260	3648685
2119		3657255	3658412
2120		3658437	3661550
2121		3661913	3662641
2122		3663009	3663833
2123		3665814	3667211
2124		3667615	3669264
2125		3669315	3669917
2126		3670437	3671336
2127		3671385	3672398
2128		3672809	3674131
2129		3674313	3676373
2130		3676443	3677210
2131		3677442	3678371
2132		3678467	3679963
2133		3681653	3683641
2134		3683723	3687196
2135		3687178	3688284
2136		3688291	3690630
2137		3690641	3693259
2138		3694020	3694208
2139		3694481	3696052
2140		3696049	3696240
2141		3696237	3697916
2142		3698586	3699857
2143		3706807	3708498
2144		3708822	3710030
2145		3710259	3710957
2146		3711675	3712115
2147		3714570	3715229
2148		3715333	3716307
2149		3716357	3717067
2150		3723910	3724905
2151		3730224	3731765
2152		3731743	3732924
2153		3739707	3740555
2154		3740756	3741754
2155		3741766	3742233
2156		3742351	3742824
2157		3742827	3744104
2158		3744117	3745103
2159		3745107	3746603
2160		3746600	3747262
2161		3747255	3748115
2162		3748109	3748804
2163		3749151	3749891
2164		3750015	3750989
2165		3750986	3752122
2166		3752128	3752451
2167		3752996	3754534
2168		3754699	3755850
2169		3782214	3782465
2170		3782607	3783038
2171		3783283	3784827
2172		3784861	3786120
2173		3786124	3787083
2174		1073465	1074103
2175		1154347	1154988
2176		1156000	1156797
2177		1350660	1351652
2178		1349852	1350658
2179		1023125	1023571
2180		1025780	1026238
2181		2696781	2697629
2182		4638965	4639651
2183		2653097	2654380
2184		2654558	2654758
2185		112599	113219
2186		111856	112599
2187		111649	111846
2188		129407	131260
2189		131615	134212
2190		137083	138633
2191		142008	142670
2192		142779	143705
2193		143702	144472
2194		144577	145017
2195		2354926	2355825
2196		151003	151599
2197		151626	152231
2198		152243	152812
2199		156299	156883
2200		162105	164534
2201		161501	162031
2202		175107	176528
2203		176610	176954
2204		177001	177624
2205		177662	178462
2206		182463	183620
2207		183709	184095
2208		184257	185069
2209		280053	281207
2210		276980	278026
2211		2706776	2707426
2212		4619792	4621123
2213		4626878	4628545
2214		1364959	1365936
2215		1625541	1626287
2216		3718471	3718623
2217		1995086	1995838
2218		3957555	3957836
2219		3992545	3992748
2220		214833	215255
2221		3556290	3557888
2222		1781055	1782701
2223		992500	993267
2224		751452	752018
2225		2346536	2346790
2226		2980519	2981280
2227		2377370	2378665
2228		3183436	3183987
2229		3482512	3483381
2230		3089156	3089887
2231		597937	601080
2232		1941438	1942223
2233		1850645	1852003
2234		1198902	1200029
2235		3306062	3306946
2236		2929077	2929832
2237		2924330	2925694
2238		3489475	3489642
2239		963543	965807
2240		2524968	2525966
2241		1948856	1949422
2242		1949419	1950237
2243		3544581	3545897
2244		2801524	2802483
2245		4366687	4367163
2246		549662	550555
2247		2311510	2314182
2248		2793696	2794358
2249		2788004	2789272
2250		562553	563068
2251		4536808	4537524
2252		1787637	1787828
2253		1258347	1260026
2254		3206046	3207509
2255		1860040	1860453
2256		773532	773825
2257		2141290	2144607
2258		1003170	1003880
2259		1246919	1248337
2260		1741481	1742854
2261		2641151	2642305
2262		1271342	1271572
2263		1271730	1272425
2264		1272469	1272822
2265		1273007	1274401
2266		829195	829866
2267		865791	866756
2268		2581568	2583547
2269		2580925	2581500
2270		2109101	2110000
2271		2110000	2111085
2272		2464567	2465724
2273		2172619	2173071
2274		2172304	2172588
2275		2170945	2172300
2276		2169857	2170897
2277		2173081	2174343
2278		2174372	2175226
2279		2463323	2464255
2280		837413	837679
2281		836888	837148
2282		387019	387870
2283		1265317	1266150
2284		2165326	2165544
2285		794312	795085
2286		479558	479932
2287		1359935	1360492
2288		1773611	1775206
2289		1324876	1325751
2290		3199229	3199849
2291		196546	197898
2292		2371670	2373025
2293		2374856	2375614
2294		4451606	4452601
2295		4453808	4455181
2296		2746796	2748082
2297		3099829	3100155
2298		1166822	1167361
2299		2713445	2714032
2300		2739382	2739747
2301		1654208	1654768
2302		586314	587204
2303		2445530	2446462
2304		2831934	2833067
2305		1651951	1653165
2306		1650920	1651939
2307		4476496	4476912
2308		505827	506306
2309		2970691	2971884
2310		1566978	1568513
2311		1687876	1689384
2312		4309130	4310065
2313		4310124	4311014
2314		4327383	4328261
2316		4342952	4343581
2317		4347338	4348057
2318		4348054	4349685
2319		4349866	4350096
2320		4350108	4350380
2321		4350607	4350903
2322		4352977	4354434
2323		4367179	4368435
2324		4370832	4371185
2325		4371388	4372257
2326		4372652	4373680
2327		4375212	4375745
2328		4381862	4383364
2329		4383416	4383730
2330		4383727	4384041
2331		4384070	4387393
2332		4388480	4389532
2333		4389627	4390172
2334		4390951	4392090
2335		4402409	4402606
2336		4407298	4408029
2337		4408156	4408557
2338		4408576	4409274
2339		4409325	4409984
2340		4410002	4410400
2341		4410410	4411048
2342		4414464	4414793
2343		4414975	4415724
2344		4415721	4416476
2345		4416584	4417648
2346		4418003	4419400
2347		4419416	4419721
2348		4419731	4420195
2349		4420209	4420859
2350		4420869	4421723
2351		4421723	4422409
2352		4422539	4422814
2353		4424651	4425445
2354		4426102	4426740
2355		4426958	4427578
2356		4427887	4429299
2357		4429344	4430006
2358		4430114	4431079
2359		4431187	4432047
2360		4432136	4432516
2361		4435730	4436668
2362		4436731	4437285
2363		4437610	4437816
2364		4437895	4439238
2365		4440405	4442138
2366		4442135	4445914
2367		4445917	4446258
2368		4447985	4448941
2369		4449081	4450583
2370		4450594	4451619
2371		4414040	4414315
2372		3273304	3274875
2373		4457923	4458387
2374		4468550	4468936
2375		4465648	4468344
2376		4470837	4471232
2377		4471363	4472076
2378		4472147	4472740
2379		4472885	4473337
2380		4473460	4475274
2381		4477057	4477560
2382		4477753	4478949
2383		4484241	4485341
2384		4485341	4486423
2385		4486584	4488086
2386		4488164	4489162
2387		4489229	4490548
2388		4490610	4491374
2389		4491398	4492429
2390		4502081	4503298
2391		4503310	4504428
2392		4518694	4520043
2393		4520150	4522117
2394		4522128	4523033
2395		4523038	4523826
2396		4524129	4524911
2397		4524928	4525560
2398		4525572	4526003
2399		4526134	4526940
2400		4526953	4528266
2401		4528553	4529674
2402		4530460	4531206
2403		4531262	4531807
2404		4534637	4535617
2405		4535682	4536788
2406		4547976	4549319
2407		4553513	4554343
2408		4555016	4555408
2409		4555401	4556312
2410		4556377	4557549
2411		4557562	4558023
2412		4558020	4558703
2413		4558953	4559507
2414		4559520	4560698
2415		4560766	4561626
2416		4561945	4562712
2417		4562722	4563873
2418		4563989	4565269
2419		4565310	4566542
2420		4568185	4569597
2421		4569774	4569938
2422		4577522	4577863
2423		4586899	4587102
2424		4587152	4589302
2425		4591384	4592745
2426		4592960	4593874
2427		4594013	4595035
2428		4595173	4597464
2429		4600111	4600881
2430		4601500	4602225
2431		4602333	4602860
2432		4602898	4603686
2433		4604692	4605723
2434		4610434	4611507
2435		4611504	4612283
2436		4612703	4613566
2437		4631256	4631768
2438		4638425	4638565
2439		4499283	4499612
2440		4517361	4518347
2441		134388	134750
2442		1151162	1152403
2443		2415103	2416623
2444		34781	35371
2445		59687	60346
2446		3378765	3380132
2447		1712401	1713006
2448		3378213	3378611
2449		1056485	1057177
2450		1055484	1056512
2451		1052657	1055401
2452		3341402	3341959
2453		604741	605109
2454		602639	603886
2455		1103174	1103629
2456		1550852	1551862
2457		500786	502462
2458		3717501	3717791
2459		3702794	3703813
2460		3701882	3702784
2461		3700888	3701871
2462		3699887	3700891
2463		3575088	3575615
2464		3575754	3576749
2465		3573744	3575084
2466		2882575	2885241
2467		2022659	2022847
2468		642780	643190
2469		2534408	2535259
2470		2535364	2535738
2471		2112526	2113920
2472		2113931	2115151
2473		1349431	1349784
2474		3170552	3171133
2475		3171164	3171478
2476		1117703	1118269
2477		685152	685892
2478		684478	685152
2479		683753	684478
2480		1129058	1129351
2481		1128637	1129053
2482		552441	553163
2483		1694486	1695076
2484		1689610	1690875
2485		1118691	1119809
2486		1120465	1120710
2487		2371294	2371560
2488		1386329	1386835
2489		1433209	1433643
2490		2794359	2794808
2491		197928	200360
2492		2658339	2659553
2493		1939675	1940607
2494		1861874	1862758
2495		1997609	1998409
2496		2060415	2061347
2497		640662	641090
2498		936595	937206
2499		3039335	3040315
2500		2069563	2072682
2501		1122630	1123277
2502		1112802	1113029
2503		937217	938560
2504		1338582	1339751
2505		631612	632700
2506		1894194	1894772
2507		3203346	3204278
2508		1480279	1480884
2509		3037877	3038398
2510		2821871	2822368
2511		2822513	2823598
2512		686062	686970
2513		682700	683635
2514		948891	949481
2515		1066087	1066314
2516		3096580	3097587
2517		3098926	3099645
2518		2871036	2871359
2519		555255	555776
2520		2026473	2027390
2521		2030408	2031103
2522		2812240	2812755
2523		1544312	1545193
2524		193521	194717
2525		3212989	3213495
2526		3217516	3218895
2527		3218937	3219269
2528		3224256	3225689
2529		3225823	3226893
2530		3226910	3229261
2531		3229687	3231705
2532		3231750	3232166
2533		3232163	3232477
2534		3232761	3233897
2535		3233982	3234485
2536		3234562	3235254
2537		3235333	3236319
2538		3236602	3237567
2539		3237966	3239210
2540		3239215	3239766
2541		3239849	3241336
2542		3241351	3242763
2543		3243126	3244544
2544		3244674	3245450
2545		3245795	3246457
2546		3246461	3246844
2547		3246991	3247359
2548		3247397	3247702
2549		3247705	3248109
2550		3248584	3248976
2551		3249046	3250032
2552		3250326	3250691
2553		3250933	3251289
2554		3251340	3252236
2555		3252341	3253042
2556		3253065	3253229
2557		3253363	3254673
2558		3254701	3256032
2559		3256307	3257671
2560		3257743	3258132
2561		3258146	3260440
2562		3271595	3272929
2563		3275359	3275823
2564		3275878	3276687
2565		3276936	3278216
2566		3278239	3278712
2567		3279998	3281152
2568		3281165	3282025
2569		3282192	3282668
2570		3282707	3283510
2571		3283500	3284291
2572		3284292	3285047
2573		3285448	3286032
2574		3286112	3286807
2575		3286836	3289352
2576		3289363	3290454
2577		3290497	3291357
2578		3291422	3293458
2579		3293416	3293811
2580		3293831	3294421
2581		3294431	3295006
2582		3295120	3296160
2583		3296233	3296868
2584		3296996	3297514
2585		3297494	3297937
2586		3297988	3298290
2587		3298277	3298780
2588		3298774	3299298
2589		3299507	3300502
2590		3300511	3301389
2591		3301470	3302477
2592		3318010	3319635
2593		3325812	3326105
2594		3328604	3329776
2595		3334571	3334825
2596		3334985	3335278
2597		3335278	3335913
2598		3335932	3336483
2599		3336488	3337270
2600		3337278	3338087
2601		3338297	3339274
2602		3339288	3340274
2603		3340295	3340861
2604		3340858	3341433
2605		3346474	3347106
2606		3347103	3347831
2607		3351143	3352072
2608		3360829	3363210
2609		3364948	3365664
2610		3365849	3366976
2611		3367036	3367500
2612		3367497	3368372
2613		3368369	3369058
2614		3371720	3372511
2615		3372891	3374258
2616		3376892	3378019
2617		3383560	3383823
2618		3383879	3384151
2619		3384243	3386210
2620		3386216	3387148
2621		3387156	3387359
2622		3387542	3388471
2623		3388605	3390050
2624		3390480	3394280
2625		489334	489495
2626		3405397	3405639
2627		3410643	3410822
2628		3416412	3416633
2629		3418156	3419337
2630		3419347	3420450
2631		3420458	3421216
2632		3427258	3427812
2633		3427788	3428045
2634		3428865	3429437
2635		3429442	3429984
2636		890136	890423
2637		490106	490483
2638		2087486	2087737
2639		2876591	2876875
2640		2338439	2342191
2641		674241	674723
2642		1398271	1399797
2643		778821	779612
2644		1017708	1018160
2645		2722150	2722473
2646		1494880	1496535
2647		1934676	1935545
2648		1993842	1994066
2649		1977777	1978205
2650		1987275	1987514
2651		1496675	1496899
2652		1912860	1913558
2653		394354	395511
2654		1328441	1328692
2655		719806	720063
2656		1383535	1384596
2657		431536	432075
2658		805221	806504
2659		1029562	1029891
2660		1206724	1207353
2661		3053634	3053963
2662		555884	556096
2663		2740405	2741631
2664		3134685	3136544
2665		3132894	3134393
2666		3457839	3459035
2667		3459045	3459482
2668		3459490	3459999
2669		3451951	3453420
2670		3453600	3454415
2671		3454399	3456351
2672		3456361	3457842
2673		3459996	3460373
2674		3460366	3460953
2675		3460946	3461929
2676		3461944	3463107
2677		3472700	3472987
2678		3472995	3473354
2679		3473354	3473740
2680		3473740	3474462
2681		3474629	3475441
2682		2493667	2494587
2683		3478629	3479183
2684		3479311	3481224
2685		3481224	3482246
2686		3482240	3482458
2687		3484813	3486915
2688		3497470	3497637
2689		3497932	3499269
2690		3499290	3500312
2691		3500362	3501192
2692		3501189	3501974
2693		3502074	3502805
2694		3502957	3504042
2695		3504054	3505358
2696		3505370	3505723
2697		3505734	3506612
2698		3506609	3507835
2699		3507835	3508998
2700		3509082	3509444
2701		3509461	3510366
2702		3518637	3519041
2703		3519031	3519471
2704		3519455	3519994
2705		3519994	3520773
2706		3523611	3524171
2707		3524491	3526626
2708		3526691	3527359
2709		3527370	3527771
2710		3527796	3528674
2711		3528737	3530461
2712		3535407	3537728
2713		3540750	3540986
2714		3542904	3543587
2715		3543646	3544221
2716		1481085	1484987
2717		3553855	3554871
2718		3554875	3556101
2719		2808366	2808701
2720		3573094	3573687
2721		3576973	3577668
2722		3577791	3578828
2723		3579161	3579649
2724		3579886	3581064
2725		3582782	3583066
2726		2470409	2470903
2727		1667723	1668976
2728		3121849	3122253
2729		3213749	3214513
2730		3214801	3215424
2731		3215578	3217098
2732		1956544	1957290
2733		2506483	2507448
2734		2922757	2923302
2735		2830498	2831937
2736		1011224	1012477
2737		1012482	1014122
2738		1322122	1322742
2739		1322770	1324665
2740		3043180	3043923
2741		3062015	3062800
2742		3062824	3064302
2743		3064299	3065195
2744		3074201	3075478
2745		3092122	3093102
2746		3093120	3093824
2747		3093842	3094408
2748		3094405	3094695
2749		3094703	3095296
2750		3095289	3096425
2751		3102115	3102390
2752		3102455	3103534
2753		3107575	3108282
2754		3108612	3109148
2755		3111089	3111499
2756		3111565	3112374
2757		3112572	3117134
2758		3117619	3119301
2759		3123492	3124544
2760		3124544	3126043
2761		3126294	3127058
2762		3129363	3130430
2763		3130476	3131234
2764		3131266	3131979
2765		3132153	3132845
2766		3136749	3137615
2767		3143165	3144283
2768		3144472	3144759
2769		3145919	3146959
2770		3146999	3147493
2771		3152284	3153240
2772		3153377	3154540
2773		3154645	3155472
2774		3155672	3156598
2775		3156649	3156906
2776		3156949	3159168
2777		3164133	3165740
2778		3165873	3166268
2779		3166270	3166566
2780		3166771	3167253
2781		3167306	3167698
2782		3167850	3168509
2783		3168506	3169855
2784		3169901	3170233
2785		3182862	3183152
2786		2899918	2901396
2787		2902769	2903440
2788		2903733	2904605
2789		2989290	2989781
2790		2990116	2991492
2791		2991660	2991878
2792		2997158	2997913
2793		2998367	3000625
2794		3000636	3001514
2795		3001511	3001990
2796		3002030	3003808
2797		3004284	3005474
2798		3005532	3006728
2799		3006786	3007997
2800		3008050	3009435
2801		3009483	3010415
2802		3010636	3012261
2803		3012309	3013079
2804		3013182	3013760
2805		3014082	3017180
2806		3017183	3018511
2807		3018562	3019341
2808		3019338	3022208
2809		3022373	3023773
2810		3023788	3025107
2811		3025143	3026510
2812		3026546	3027034
2813		3027034	3028953
2814		3029389	3030837
2815		3031087	3031635
2816		3038438	3038845
2817		3038826	3039092
2818		2969293	2969511
2819		3040511	3041170
2820		3041334	3041645
2821		3041684	3043123
2822		2940940	2941167
2823		2941359	2942564
2824		2942564	2943007
2825		2943058	2943864
2826		2944103	2945200
2827		2945779	2947032
2828		2966469	2966999
2829		2968442	2969155
2830		2969619	2970659
2831		2981310	2982146
2832		2982433	2983614
2833		2983869	2985098
2834		2985558	2986190
2835		2986524	2987333
2836		2987326	2987808
2837		2857782	2858438
2838		2858489	2859256
2839		2859452	2860360
2840		2860357	2861523
2841		2861615	2862253
2842		2862258	2863034
2843		2863123	2864487
2844		2868277	2869326
2845		2869802	2870512
2846		2870531	2870842
2847		2876877	2877794
2848		2877810	2878409
2849		2878396	2879070
2850		2879073	2880164
2851		2880177	2880659
2852		2880652	2882160
2853		2890236	2890601
2854		2890679	2891950
2855		2891941	2892201
2856		2892218	2892793
2857		2892941	2893801
2858		2893798	2894577
2859		2894555	2895892
2860		2895986	2897440
2861		2897510	2898295
2862		1940686	1941441
2863		959487	960251
2864		1009187	1011094
2865		1447100	1449373
2866		250898	251953
2867		246242	246502
2868		240859	243303
2869		243543	244121
2870		244327	245094
2871		245065	245805
2872		246712	247461
2873		247637	248134
2874		252005	252298
2875		252301	252699
2876		252709	253161
2877		245961	246239
2878		2363040	2363642
2879		1665368	1666588
2880		2520751	2522007
2881		2523149	2523913
2882		2474716	2475651
2883		3083942	3084073
2884		3084209	3084424
2885		2916067	2917407
2886		2917428	2918768
2887		2918770	2920122
2888		2920557	2921006
2889		2921024	2921806
2890		2921806	2922135
2891		2923370	2924218
2892		2898614	2899891
2893		1984949	1985452
2894		404988	405446
2895		2705820	2706776
2896		2705344	2705823
2897		1445543	1447042
2898		1441075	1443714
2899		1439345	1439767
2900		1439082	1439348
2901		1435284	1438808
2902		2379104	2379565
2903		2378744	2379049
2904		1439878	1440867
2905		1363574	1364839
2906		1679000	1679722
2907		1680183	1680902
2908		1679719	1680054
2909		2752030	2752320
2910		2752310	2752786
2911		2755666	2756622
2912		2757007	2758416
2913		2758569	2759195
2914		2759373	2761562
2915		2761559	2763175
2916		2763535	2763798
2917		2763940	2765013
2918		2765006	2765377
2919		2765732	2766595
2920		2766687	2767508
2921		2767725	2768426
2922		2768703	2769146
2923		2769170	2769637
2924		2771340	2773043
2925		2773941	2774399
2926		2774408	2774890
2927		2775137	2775454
2928		2776168	2780748
2929		2697685	2697945
2930		466636	467454
2931		464836	466536
2932		467607	468065
2933		209679	211820
2934		212331	213629
2935		213678	213932
2936		213925	214125
2937		214291	214836
2938		211877	212266
2939		932447	936436
2940		793079	793867
2941		1386954	1387919
2942		798845	799798
2943		797809	798804
2944		1051070	1051300
2945		1051290	1051463
2946		1051512	1052585
2947		765207	767183
2948		767201	769834
2949		745158	745949
2950		2063243	2063788
2951		668519	669130
2952		669154	669795
2953		1985531	1985782
2954		1228706	1229617
2955		506510	507304
2956		507442	507783
2957		508099	510603
2958		510865	511797
2959		511800	513092
2960		461139	463010
2961		463161	463532
2962		463626	464024
2963		464076	464771
2964		474603	475175
2965		475206	475595
2966		513217	513624
2967		513625	514083
2968		514080	514997
2969		515143	515820
2970		515807	516586
2971		516649	517503
2972		517564	518373
2973		519640	522054
2974		535810	536688
2975		530519	531445
2976		502700	503920
2977		914575	915270
2978		442828	443739
2979		442275	442865
2980		440773	442221
2981		2987957	2988382
2982		2362576	2363001
2983		1952602	1955031
2984		1955056	1956156
2985		2007845	2008513
2986		2008624	2009103
2987		2480198	2481361
2988		2478660	2480198
2989		2486045	2487190
2990		2798156	2798497
2991		2798745	2798990
2992		2798987	2799397
2993		2795542	2796066
2994		3090959	3091522
2995		3091522	3091938
2996		3122258	3123481
2997		373092	374105
2998		374683	375894
2999		375996	376535
3000		376759	377592
3001		378830	379105
3002		379293	380066
3003		381963	383159
3004		385431	386198
3005		384456	385418
3006		386195	387022
3007		383283	383840
3008		740298	741779
3009		742050	742793
3010		742816	743472
3011		743466	744398
3012		744388	745122
3013		745946	746992
3014		747144	748205
3015		748202	748930
3016		748945	751392
3017		826468	828204
3018		828197	829195
3019		837753	838430
3020		838472	840754
3021		841019	841279
3022		841555	842481
3023		842478	844703
3024		850237	851820
3025		852406	852873
3026		852870	853988
3027		854047	854967
3028		855186	856778
3029		857019	858284
3030		858436	859251
3031		859397	861829
3032		194903	195664
3033		234027	234782
3034		234816	235538
3035		237335	238120
3036		239419	240189
3037		262914	263231
3038		263972	264430
3039		265334	265777
3040		266408	267229
3041		267321	268184
3042		268513	269406
3043		274549	275952
3044		275939	276871
3045		281481	282410
3046		282425	284392
3047		284619	286001
3048		286013	287623
3049		4603827	4604063
3050		287628	288386
3051		1399834	1401279
3052		1401279	1402589
3053		1402765	1403673
3054		1404003	1404566
3055		1404587	1405819
3056		1406074	1407057
3057		1409037	1409972
3058		1410024	1411259
3059		1411261	1411476
3060		1417789	1418265
3061		1418389	1418685
3062		1418708	1419130
3063		1419143	1420000
3064		1420007	1420753
3069		4061626	4062318
3070		1433784	1434917
3071		1391251	1392864
3072		2041675	2042472
3073		2042962	2050038
3074		2054882	2055598
3075		2056227	2057714
3076		2072803	2074335
3077		2074332	2074778
3078		2074841	2075062
3079		2075136	2075504
3080		2075593	2075967
3081		2077056	2077385
3082		2085353	2086282
3083		2086328	2087152
3084		2645348	2650309
3085		2657925	2658311
3086		2840595	2841065
3087		2659665	2660153
3088		545904	547571
3089		1957304	1957870
3090		2095345	2096325
3091		2096471	2097637
3092		1718414	1718848
3093		1717900	1718367
3094		1101769	1102419
3095		1101375	1101764
3096		1100934	1101350
3097		1100074	1100907
3098		1104184	1104516
3099		1342781	1344766
3100		3193342	3194775
3101		2663457	2664737
3102		1722158	1722679
3103		1722760	1723656
3104		1725861	1726268
3105		1444402	1445307
3106		915696	917354
3107		913181	914080
3108		897741	898868
3109		1379971	1380876
3110		1644429	1644761
3111		1161470	1161847
3112		1161861	1162502
3113		1162483	1163307
3114		1163318	1164343
3115		1164366	1164908
3116		1167423	1168055
3117		1168296	1168553
3118		1168635	1169597
3119		1173315	1174388
3120		1174650	1175849
3121		1175842	1176543
3122		1176543	1177787
3123		1177816	1178727
3124		1178743	1179582
3125		1179702	1180490
3126		1180487	1180948
3127		1193050	1193511
3128		1193521	1194174
3129		1196090	1196755
3130		1196756	1197460
3131		34300	34695
3132		2660605	2661345
3133		2662412	2663266
3134		2664729	2665868
3135		2666028	2666918
3136		2667054	2668415
3137		2668412	2668930
3138		2668930	2669250
3139		2669247	2670059
3140		2670069	2671271
3141		2687693	2689120
3142		2671368	2671790
3143		2671838	2672710
3144		2672722	2673783
3145		2673849	2674847
3146		2674872	2676383
3147		2676406	2677389
3148		2677486	2680767
3149		2680885	2682078
3150		861835	862734
3151		862865	863527
3152		866743	868614
3153		868634	870172
3154		870190	871110
3155		871113	872024
3156		872202	874550
3157		874558	875886
3158		875933	877258
3159		877471	877854
3160		877965	879080
3161		879077	879703
3162		1852120	1852878
3163		1853015	1853995
3164		1854005	1854952
3165		1854957	1855793
3166		1855814	1856857
3167		1856874	1858253
3168		1858280	1859356
3169		1859726	1859998
3170		1823164	1823649
3171		1862806	1863660
3172		1863750	1864496
3173		1864932	1866866
3174		1866979	1868262
3175		1868409	1869884
3177		1871598	1872101
3178		1872376	1872822
3179		1872779	1873600
3180		1873697	1874878
3181		1874933	1875280
3182		1875739	1876764
3183		1877031	1877279
3184		1877613	1877972
3185		1878145	1878783
3186		1878910	1879833
3187		1879936	1881021
3188		1881212	1882657
3189		1882689	1883813
3190		1883869	1884834
3191		1887975	1888556
3192		1888596	1889291
3193		1889349	1891259
3194		1891391	1891735
3195		1892157	1892456
3196		1896451	1898049
3197		1898053	1899609
3198		2787007	2787984
3199		2795233	2795532
3200		2797186	2797635
3201		2807639	2808376
3202		2814534	2814962
3203		2814959	2815525
3204		632809	633969
3205		633970	634599
3206		634572	635792
3207		635939	636841
3208		637050	637796
3209		641311	642549
3210		644340	645803
3211		645854	646732
3212		646707	647258
3213		647262	648794
3214		648805	649713
3215		649710	650006
3216		653085	653765
3217		653806	655191
3218		1724683	1725780
3219		240343	240816
3220		264844	265311
3221		291546	292172
3222		292444	293142
3223		293169	294023
3224		294363	294803
3225		294920	296320
3226		296994	297950
3227		297960	300158
3228		300155	301111
3229		301108	301797
3230		302215	302829
3231		303719	304429
3232		304398	306041
3233		306031	308556
3234		308582	309250
3235		309308	309895
3236		2134128	2135267
3237		2133679	2134122
3238		2131514	2133676
3239		2130582	2131421
3240		2130091	2130579
3241		2128877	2130094
3242		2127685	2128902
3243		2126928	2127674
3244		2126364	2126912
3245		2118184	2119578
3246		2116704	2118182
3247		2115148	2116428
3248		2111458	2112351
3249		316950	317543
3250		317900	319225
3251		319451	320305
3252		320832	321551
3253		321562	322989
3254		322982	323677
3255		323920	324588
3256		332725	333657
3257		333749	334246
3258		334504	335109
3259		335149	336012
3260		336002	337549
3261		337549	338967
3262		339389	340339
3263		340349	341731
3264		342108	343157
3265		343400	344215
3266		344628	344873
3267		344890	345561
3268		345708	345983
3269		346081	347667
3270		347906	348796
3271		350439	351890
3272		351930	353816
3273		393730	394353
3274		397096	398190
3275		420210	421583
3276		436385	437359
3277		437539	439401
3278		443907	444398
3279		444526	445890
3280		531675	532157
3281		532235	533050
3282		536857	538311
3283		538371	539732
3284		539789	541090
3285		541112	542257
3286		542485	543270
3287		543281	544516
3288		544538	545587
3289		372145	373095
3290		548850	549665
3291		568125	569651
3292		570116	570667
3293		570677	571474
3294		571689	572144
3295		572307	572597
3296		573179	573562
3297		576621	576836
3298		576836	577333
3300		577823	578116
3301		578407	578817
3302		579103	579309
3303		592551	593993
3304		605174	605422
3305		605488	606606
3306		650021	651079
3307		651458	653116
3308		674793	675770
3309		675934	676641
3310		676638	678065
3311		678075	678629
3312		678731	679438
3313		679435	680886
3314		680946	682616
3315		690129	691007
3316		691097	691564
3317		691561	692601
3318		692754	694178
3319		694324	695499
3320		707557	708963
3321		709013	709339
3322		783105	784046
3323		784160	784540
3324		799982	801034
3325		801110	802543
3326		802726	804987
3327		814962	815870
3328		819107	819811
3329		820016	820729
3330		820765	821721
3331		821721	822962
3332		822959	823720
3333		823853	824263
3334		824225	825331
3335		825342	826475
3336		882015	882611
3337		884169	884453
3338		884539	885354
3339		885354	886562
3340		886646	887182
3341		887357	889042
3342		889312	889689
3343		892180	892656
3344		897212	897700
3345		903175	903690
3346		903816	904139
3347		904136	904966
3348		904963	905976
3349		906075	907505
3350		907516	908517
3351		910405	911373
3352		911385	913037
3353		917351	918343
3354		918458	919573
3355		919570	921516
3356		882896	884128
3357		946452	947882
3358		947883	948791
3359		954095	955855
3360		955985	956677
3361		968612	969844
3362		970975	971868
3363		982298	982846
3364		982873	983520
3365		993264	994055
3366		994066	995211
3367		995208	996167
3368		996160	996735
3369		997091	997630
3370		997713	998414
3371		998439	1001039
3372		1001030	1002100
3373		1002112	1002654
3374		1002662	1003177
3375		1005175	1005717
3376		1005714	1006823
3377		1007067	1009175
3378		1015762	1017522
3379		1014119	1014682
3380		1020361	1020990
3381		1020953	1023106
3382		1026334	1026996
3383		1027169	1027582
3384		1027627	1027944
3385		1028002	1029192
3386		1029287	1029565
3387		1043453	1043899
3388		1043887	1045026
3389		1045072	1047168
3390		1047168	1047914
3391		1047911	1048555
3392		1048662	1048967
3393		1443904	1444230
3394		1449621	1451666
3395		1451951	1452880
3396		1453188	1453934
3397		1453949	1454446
3398		1454454	1455524
3399		1455521	1456288
3400		1456288	1457076
3401		1457078	1458505
3402		1458495	1458917
3403		1458917	1460122
3404		1460149	1461462
3405		1461563	1462513
3406		1462495	1463085
3407		1475645	1476250
3408		1476250	1477146
3409		1477162	1478919
3410		1478933	1480225
3411		1492172	1493095
3412		1493312	1494655
3413		1497493	1498473
3414		1500481	1501149
3415		1501741	1502889
3416		1504196	1504732
3417		1502929	1504104
3418		1504805	1506766
3419		1507532	1507948
3420		1508027	1509433
3421		1509678	1510823
3422		1510841	1511854
3423		1511855	1512796
3424		1512786	1513580
3425		1513602	1515026
3426		1515413	1515586
3427		1515672	1515905
3428		1515906	1516355
3429		1516352	1516870
3430		1517051	1518088
3431		1518286	1518951
3432		1518987	1521089
3433		1521331	1522392
3434		1522505	1524004
3435		1524271	1524888
3436		1524964	1525176
3437		1531306	1531875
3438		1532048	1532893
3439		1542408	1542743
3440		1550422	1550706
3441		1555136	1556062
3442		1556055	1557041
3443		1557038	1557934
3444		1557931	1558953
3445		1558955	1560505
3446		1560519	1561100
3447		1561358	1563757
3448		1563782	1565164
3449		1565528	1566847
3450		1577657	1578814
3451		1578866	1580548
3452		1580950	1581711
3453		1582231	1584510
3454		1584844	1585758
3455		1585817	1586320
3456		1586333	1586863
3457		1596641	1598233
3458		1598312	1599265
3459		1599514	1601049
3460		1601043	1602071
3461		1602071	1603063
3462		1603075	1604097
3463		1604124	1604999
3464		1605023	1605313
3465		1605370	1606128
3466		1606132	1607046
3467		1608931	1609878
3468		1609990	1610349
3469		1610349	1611275
3470		1611339	1612727
3471		1612828	1613709
3472		1613787	1614902
3473		1626376	1627062
3474		1627477	1628937
3475		1631063	1631329
3476		1631646	1632236
3478		1632909	1633871
3479		1635071	1635481
3480		1637054	1637551
3481		1637548	1638081
3482		1638078	1638389
3483		1638394	1638609
3484		1640513	1641265
3485		1641279	1642328
3486		1643921	1644226
3487		1635633	1635806
3488		1627239	1627442
3489		1653371	1653697
3490		1653832	1654173
3491		1654771	1655481
3492		1655589	1655894
3493		1656093	1658519
3494		1658580	1661003
3495		1661014	1661631
3496		1661633	1662487
3497		1662530	1663144
3498		1663339	1664595
3499		1664548	1665243
3500		1666723	1667616
3501		593983	594666
3502		1067734	1069062
3503		1069083	1069577
3504		1069588	1070178
3505		1070188	1070988
3506		1070996	1071382
3507		1071394	1072086
3508		1072086	1073234
3509		1081466	1082593
3510		1085329	1085742
3511		1085744	1087069
3512		1087062	1089080
3513		1089089	1091512
3514		1092099	1093457
3515		1095066	1096052
3516		1097109	1098047
3517		1098102	1098839
3518		1098863	1099417
3519		1099519	1100010
3520		1104637	1104948
3521		1105043	1105576
3522		1105578	1106999
3523		1107007	1108164
3524		1636479	1636691
3525		1123341	1124549
3526		1126029	1126952
3527		1127062	1128597
3528		557435	557977
3529		558197	558889
3530		558920	561523
3531		561559	562542
3532		1210903	1211226
3533		1212551	1213282
3534		1213487	1214698
3535		1216551	1218074
3536		1225823	1226191
3537		1226294	1226695
3538		1226904	1227230
3539		1227302	1227961
3540		1228038	1228499
3541		1239558	1241294
3542		1242403	1243014
3543		1241389	1242303
3544		1243016	1243750
3545		1248348	1248980
3546		1248991	1250061
3547		1250289	1252208
3548		1252308	1255175
3549		1338267	1338575
3550		1341621	1342370
3551		1387894	1388622
3552		1355826	1357211
3553		1357514	1358932
3554		1359144	1359908
3555		1368240	1369919
3556		1369933	1371225
3557		1371246	1372127
3558		1372114	1372956
3559		1372987	1374039
3560		1374058	1374846
3561		1374856	1375911
3562		1375908	1378175
3563		1378172	1378831
3564		1380987	1381985
3565		1382141	1383538
3566		1388957	1389877
3567		1390015	1390914
3568		1392915	1393946
3569		1669984	1670805
3570		1670844	1671173
3571		1671160	1671525
3572		1671937	1672971
3573		1676451	1677395
3574		1677581	1678963
3575		1701292	1702332
3576		1703274	1703714
3577		1703791	1704372
3578		1704372	1704950
3580		1707166	1708224
3581		1708228	1708848
3582		1708852	1709547
3583		1710793	1712295
3584		1713050	1713913
3585		1716517	1717626
3586		1719049	1719285
3587		1719288	1720145
3588		1720145	1722157
3589		1723705	1723944
3590		1724047	1724646
3591		1902825	1903283
3592		1732459	1733274
3593		1734145	1735314
3594		1742895	1744151
3595		1744724	1745029
3596		1745155	1746759
3597		1746771	1747583
3598		1747587	1748372
3599		1749752	1751854
3600		1749101	1749748
3601		1748369	1749037
3602		1751875	1752501
3603		1752956	1753165
3604		1756898	1757314
3605		1757327	1758547
3606		1758544	1759815
3607		1759790	1760536
3608		1760546	1762033
3609		1762958	1763146
3610		1763246	1763656
3611		1763653	1766709
3612		1767098	1768210
3613		1768639	1768995
3614		1769095	1770309
3615		1770536	1771801
3616		1775220	1776371
3617		1776414	1777325
3618		1777641	1778405
3619		1778425	1779363
3620		1779419	1780708
3621		1780705	1780998
3622		1787832	1789268
3623		1789331	1790044
3624		1803349	1804107
3625		1805424	1805714
3626		1805820	1806680
3627		1806721	1807257
3628		1807404	1808072
3629		1808235	1808825
3630		1808958	1810349
3631		1810353	1811156
3632		1811445	1811687
3633		1821539	1822426
3634		1822386	1822961
3635		1823979	1824947
3636		1824940	1826283
3637		1826280	1827758
3638		1827755	1828789
3639		1828786	1830006
3640		1831425	1832135
3641		1832140	1832817
3642		1832832	1833539
3643		1833539	1834087
3644		1834097	1835263
3645		1835236	1836771
3646		1836771	1837424
3647		1837491	1838798
3648		1838807	1839427
3649		1839514	1839921
3650		1839887	1840159
3651		1841855	1842895
3652		1903712	1904278
3653		1960604	1960996
3654		1906285	1906572
3655		1755745	1756749
3656		1735480	1735569
3657		1907332	1908123
3658		1908300	1909673
3659		1913655	1914152
3660		1914282	1915565
3661		1915534	1918167
3662		1918247	1919686
3663		1919804	1920040
3664		1920145	1920336
3665		1920337	1920993
3666		1921389	1921730
3667		1921743	1922615
3668		1922619	1922993
3669		1923464	1924120
3670		1924144	1924806
3671		1950290	1950685
3672		1950726	1951469
3673		1951466	1952437
3674		1963067	1964215
3675		1986246	1986569
3676		1995835	1996503
3677		1996518	1997504
3678		2023535	2024350
3679		2024347	2026041
3680		2031143	2031508
3681		2034818	2036176
3682		2036176	2036847
3683		2036980	2037393
3684		2037502	2038506
3685		2038507	2039142
3686		2039399	2040049
3687		2040392	2040922
3688		2135926	2137509
3689		2147063	2149009
3690		2149209	2149670
3691		2149735	2150496
3692		2150493	2151152
3693		2152040	2153287
3694		2153287	2156409
3695		2156410	2159487
3696		2163213	2163545
3697		2163692	2165053
3698		2166013	2166330
3699		2175534	2176586
3700		2176843	2178120
3701		2178117	2179121
3702		2179118	2180083
3703		2180057	2180803
3704		2180855	2181673
3705		2181738	2182538
3706		2182535	2183323
3707		2183546	2183818
3708		2183939	2184763
3709		2184982	2185320
3710		2231622	2231861
3711		2232055	2233293
3712		2266876	2267589
3713		2268001	2268567
3714		2268748	2270304
3715		2325389	2326165
3716		2326170	2327819
3717		2332358	2332981
3718		2356064	2356867
3719		2356885	2358174
3720		2358231	2359436
3721		2359451	2360233
3722		2360453	2361655
3723		2361755	2362297
3724		2363950	2365089
3725		2365093	2366061
3726		2366061	2368043
3727		2368040	2368930
3728		2368930	2370582
3729		2370914	2371300
3730		2382017	2383744
3731		2383882	2384853
3732		2384956	2385459
3733		2385732	2386448
3734		2386657	2387079
3735		2387135	2387986
3736		2405583	2406800
3737		2406884	2407483
3738		2407542	2409374
3739		2409461	2410111
3740		2410122	2410616
3741		2410699	2411154
3742		2416656	2417198
3743		2417256	2417810
3744		2417863	2418507
3745		2418643	2419290
3746		2419730	2420623
3747		2420671	2421561
3748		2436964	2438142
3749		2439786	2441792
3750		2441913	2442191
3751		2442225	2442773
3752		2446628	2447179
3753		2447250	2448071
3754		2448073	2448612
3755		2448609	2449097
3756		2449094	2449606
3757		2449606	2450358
3758		2453105	2453668
3759		2454349	2454834
3760		2455037	2457181
3761		2457181	2458491
3762		2458672	2458956
3763		2461034	2462092
3764		2465877	2466239
3765		2466236	2467156
3766		2467153	2468484
3767		2469099	2469539
3768		2471626	2471988
3769		2472054	2472878
3770		2473006	2473542
3771		2473533	2473895
3772		2473895	2474200
3773		2488278	2489972
3774		2487264	2488208
3775		2490026	2491276
3776		2491789	2492424
3777		2493072	2493314
3778		2496693	2498390
3779		2498405	2499139
3780		2499152	2500009
3781		2500012	2502507
3782		2502532	2503569
3783		2503569	2504654
3784		2504669	2505916
3785		2505938	2506264
3786		2507652	2508908
3787		2509490	2510728
3788		714635	715129
3789		2523952	2524878
3790		2535771	2536505
3791		2542774	2543631
3792		2543795	2544691
3793		2544695	2546119
3794		2546124	2547428
3795		2547668	2548567
3796		2548663	2549238
3797		2549299	2549748
3798		2549735	2550160
3799		2528269	2529255
3800		2553250	2553750
3801		2553763	2554422
3802		2556880	2558088
3803		2558279	2558920
3804		2559390	2559635
3805		2559647	2560015
3806		2560133	2560549
3807		2560546	2561139
3808		2561614	2561991
3809		2562002	2562394
3810		2562545	2563354
3811		2563503	2564906
3812		2564903	2566129
3813		2566346	2567533
3814		2567523	2568359
3815		2568370	2569773
3816		2569785	2570072
3817		2570179	2570472
3818		2570511	2571527
3819		2571524	2572327
3820		2572324	2573025
3821		2573000	2573479
3822		2573492	2573827
3823		2574120	2576399
3824		2579756	2580799
3825		2591094	2591792
3826		2591866	2593881
3827		2593896	2594759
3828		2495079	2496317
3829		2614116	2615579
3830		2615600	2615959
3831		2616097	2616798
3832		2624717	2626960
3833		2627312	2627503
3834		2627814	2628332
3835		2628348	2628887
3836		2633621	2633836
3837		2633906	2635378
3838		2635496	2636674
3839		2636685	2637305
3840		2643035	2645347
3841		2601869	2602816
3842		2602833	2604272
3843		2604284	2604934
3844		2604939	2606519
3845		2606509	2608176
3846		2608186	2608731
3847		2608728	2609486
3848		2609479	2609892
3849		2609922	2611934
3850		2611956	2612804
3851		2612842	2613903
3852		2734168	2734905
3853		2717245	2717943
3854		2717975	2720635
3855		2739897	2740415
3856		2745984	2746775
3857		3187903	3188652
3858		3188654	3189718
3859		3190230	3190859
3860		3190886	3192547
3861		594823	596196
3862		596354	596686
3863		596702	597925
3864		476291	477841
3865		478005	478475
3866		478591	479142
3867		485760	489122
3868		922136	922456
3869		1050684	1050896
3870		1211926	1212330
3871		1200010	1200255
3872		1200720	1201061
3873		1200999	1201307
3874		1201482	1202156
3875		1202491	1203048
3876		1203045	1203383
3877		1206136	1206720
3878		1304845	1305174
3879		1321244	1322125
3880		2379630	2380547
3881		2380735	2381946
3882		1347004	1348131
3883		2419347	2419709
3884		2057988	2058938
3885		2059040	2059957
3886		1130241	1130657
3887		1130661	1131065
3888		1131077	1131772
3889		1131797	1133005
3890		1133025	1133780
3891		1133952	1134734
3892		1136594	1137535
3893		1960996	1963074
3894		371339	372148
3895		1244383	1244823
3896		2462274	2463029
3897		317555	317791
3898		398249	398557
3899		398817	399029
3900		1050186	1050398
3901		264528	264767
3902		2775475	2775804
3903		572144	572314
3904		969896	970078
3905		1215012	1215248
3906		1215291	1215563
3907		1215592	1215858
3908		1215971	1216219
3909		1221528	1221857
3910		1266147	1266539
3911		1395389	1395646
3912		1355447	1355692
3913		1423401	1423664
3914		1443711	1443896
3915		1452892	1453179
3916		1506858	1507088
3917		1554089	1554304
3918		607059	607211
3919		1702973	1703188
3920		1875302	1875556
3921		1877427	1877609
3922		1892576	1892755
3923		2026212	2026394
3924		2794892	2795050
3925		3248099	3248398
3926		1959996	1960484
3927		3739132	3739605
3928		3975548	3976627
3929		4013377	4014192
3930		4020241	4020756
3931		303077	303406
3932		309970	310560
3933		311336	311563
3934		311738	312001
3935		793996	794145
3936		773419	773532
3940		262552	262893
3941		1118530	1118670
3942		1119924	1120178
3943		1204772	1204954
3944		1207355	1207768
3945		1243951	1244205
3946		10643	11356
3947		1218206	1218424
3948		4350931	4351104
3949		4528278	4528556
3950		2370579	2370914
3951		4374576	4374722
3952		4266832	4267035
3953		1333315	1333482
3954		613165	613383
3955		572953	573093
3956		571591	571692
3957		2087235	2087489
3958		1067304	1067477
3959		4190660	4190860
3960		3476614	3476814
3961		2525963	2526181
3962		2166736	2167635
3963		3582427	3582582
3964		4374340	4374465
3965		2824414	2825373
3966		469860	471641
3967		2263063	2263317
3968		2492720	2492995
3969		2768467	2768703
3971		1421424	1421609
3972		1905472	1905615
3973		1906647	1906790
3974		5234	5530
3975		2509023	2509349
3976		21181	21399
3977		2023010	2023237
3978		1635978	1636133
3979		1702575	1702700
3980		1306812	1306985
3981		1515123	1515218
3982		1620670	1620765
3983		2588829	2588888
3984		3774194	3774403
3985		4610151	4610312
3986		2590784	2590984
3987		3723436	3723735
3988		4302151	4302426
3989		3851576	3851665
3993		3698003	3698110
3994		4311891	4312220
3995		851894	852163
3996		2474332	2474532
3997		1143725	1144045
3998		1202247	1202447
3999		1221867	1222211
4000		1872102	1872206
4001		1507310	1507486
4002		1634780	1635013
4003		1803189	1803296
4004		1906949	1907188
4005		2213679	2213786
4006		2355838	2356023
4007		3838238	3838531
4008		4531819	4532076
4009		3645728	3645856
4010		311598	311738
4012		1222213	1222386
4013		1222487	1222672
4014		238257	238736
4015		4237800	4238078
4016		1342460	1342633
4017		2301628	2301792
4018		1669801	1669884
4019		1333184	1333312
4020		4504471	4504596
4021		709862	709948
4022		1581786	1581983
4023		77388	77519
4024		1985897	1985983
4025		3192788	3192847
4026		3054912	3054971
4027		3193163	3193222
4028		2151373	2151432
4029		2151705	2151761
4030		3948530	3948580
4031		4390915	4390968
4032		312365	312466
4033		1344820	1344924
4034		1463189	1463254
4035		1876898	1876972
4036		1876797	1876895
4037		1944139	1944204
4038		2085076	2085138
4039		2227004	2227087
4040		2494943	2495014
4041		2903579	2903719
4042		2987841	2987921
4043		3030839	3030964
4044		3305875	3305955
4045		4051670	4051780
4046		1637104	1637358
4047		2698139	2698219
4048		3923767	3923998
4049		3680184	3681470
4050		3869873	3871021
4051		3119656	3121827
4052		3780665	3781684
4053		141431	141967
4054		3476824	3478629
4055		3369106	3370596
4056		603994	604647
4057		2412769	2414913
4058		2051667	2052983
4059		434858	435835
4060		4550924	4552384
4061		4552599	4553372
4062		2522067	2522900
4063		3729154	3730146
4064		3733002	3734180
4065		1353491	1355134
4066		1352529	1353494
4067		1351652	1352542
4068		2799370	2801514
4069		1489986	1490153
4070		1129427	1130086
4071		1134787	1135485
4072		1135497	1136594
4073		2014578	2015951
4074		2015970	2016413
4075		2016410	2017537
4076		367835	369499
4077		369501	370445
4078		370448	371329
4079		366811	367644
4080		572594	572956
4083		225500	225575
4084		2516178	2516253
4085		2516063	2516138
4087		563946	564022
4088		2816495	2816571
4089		2464331	2464405
4090		3980398	3980474
4093		2042573	2042648
4094		2057875	2057950
4095		2060284	2060359
4097		228928	229004
4098		236931	237007
4099		1989938	1990011
4100		475672	475785
4101		696088	696162
4102		695765	695839
4103		695979	696053
4104		695653	695727
4109		4173696	4173770
4110		2997006	2997079
4112		1990066	1990141
4115		3980532	3980608
4118		225381	225457
4119		3213620	3213695
4120		4604223	4604309
4121		4604338	4604424
4122		3980629	3980715
4123		3320094	3320180
4125		696186	696270
4126		4494428	4494512
4127		1989839	1989925
4128		779777	779852
4129		2519275	2519350
4131		696280	696356
4132		695887	695963
4133		2945629	2945705
4134		3316235	3316311
4135		2945409	2945485
4136		2311106	2311198
4137		4360574	4360649
4139		3706639	3706715
4140		2284233	2284309
4141		3980758	3980834
4142		3268238	3268614
4163		223771	225312
4164		3421445	3421564
4165		3834245	3834339
4166		1030848	1030935
4167		2041492	2041581
4168		2816575	2816667
4169		925107	925194
4171		4047922	4048030
4172		3054005	3054187
4173		2753615	2753977
4174		4173777	4173852
4175		4173411	4173486
4177		262095	262170
4178		3944980	3945055
4179		1286761	1286845
4180		4173495	4173579
4183		2518953	2519028
4184		1744459	1744535
4185		1744540	1744616
4186		2519073	2519148
4187		2519195	2519270
4188		1647406	1647458
4189		4156308	4156417
4190		2945519	2945595
4191		2023251	2023337
4192		2922178	2922537
4193		2056051	2056126
4194		2783784	2783859
4197		780592	780667
4199		1490143	1490198
4200		16952	17006
4201		2940718	2940923
4202		1768396	1768501
4204		3578950	3579039
4205		4049059	4049303
4206		189712	189847
4207		852175	852263
4208		887199	887277
4209		1145812	1145980
4213		3698159	3698224
4214		1403676	1403833
4215		1435145	1435253
4216		1762737	1762804
4217		1921090	1921338
4218		1921188	1921308
4219		77367	77593
4220		2069339	2069542
4221		2151333	2151475
4222		2151668	2151803
4223		2165138	2165224
4224		2651877	2652180
4225		2689179	2689362
4226		2812824	2812901
4227		2974124	2974211
4228		2974326	2974407
4229		3054871	3055010
4230		3192745	3192887
4231		3236396	3236583
4232		3309247	3309420
4233		3348599	3348719
4234		3662887	3662991
4235		3984455	3984626
4236		4275950	4276089
4237		3851141	3851280
4238		1489467	1489530
4239		3193121	3193262
4240		2031673	2031763
4241		506428	506511
4242		2698542	2698618
4243		2732175	2732317
4244		4577858	4577934
4245		4526000	4526089
4246		4188350	4188510
4247		271804	271878
4248		1620841	1620938
4249		1407153	1407274
4250		606957	607015
4251		2885376	2885431
4252		4516550	4516825
4253		4516744	4517247
4254		380575	380940
4255		380898	381803
4256		314515	314814
4257		314811	315677
4258		4500126	4501454
4261		3718703	3719224
4262		3719221	3720072
4264		3331162	3331473
4265		3330884	3331141
4266		1150838	1151074
4267		1014938	1015105
4268		2555340	2556701
4269		2554432	2555319
4271		377686	378795
4272		3322085	3322933
4274		19811	20314
4276		269827	270978
4282		314515	314814
4283		314811	315677
4284		380575	380940
4285		380898	381803
4291		607288	608400
4311		2512353	2513465
4324		4516550	4516825
